{
    "Number_of_customers": 32,
    "customer_1": {
        "coordinates": {
            "x": 45.0,
            "y": 55.0
        },
        "demand": 26.0
    },
    "customer_10": {
        "coordinates": {
            "x": 25.0,
            "y": 40.0
        },
        "demand": 1.0
    },
    "customer_11": {
        "coordinates": {
            "x": 9.0,
            "y": 66.0
        },
        "demand": 21.0
    },
    "customer_12": {
        "coordinates": {
            "x": 1.0,
            "y": 44.0
        },
        "demand": 66.0
    },
    "customer_13": {
        "coordinates": {
            "x": 50.0,
            "y": 54.0
        },
        "demand": 25.0
    },
    "customer_14": {
        "coordinates": {
            "x": 35.0,
            "y": 45.0
        },
        "demand": 16.0
    },
    "customer_15": {
        "coordinates": {
            "x": 71.0,
            "y": 84.0
        },
        "demand": 11.0
    },
    "customer_16": {
        "coordinates": {
            "x": 1.0,
            "y": 9.0
        },
        "demand": 7.0
    },
    "customer_17": {
        "coordinates": {
            "x": 25.0,
            "y": 54.0
        },
        "demand": 17.0
    },
    "customer_18": {
        "coordinates": {
            "x": 45.0,
            "y": 59.0
        },
        "demand": 17.0
    },
    "customer_19": {
        "coordinates": {
            "x": 45.0,
            "y": 71.0
        },
        "demand": 22.0
    },
    "customer_2": {
        "coordinates": {
            "x": 70.0,
            "y": 80.0
        },
        "demand": 17.0
    },
    "customer_20": {
        "coordinates": {
            "x": 66.0,
            "y": 84.0
        },
        "demand": 10.0
    },
    "customer_21": {
        "coordinates": {
            "x": 11.0,
            "y": 35.0
        },
        "demand": 25.0
    },
    "customer_22": {
        "coordinates": {
            "x": 81.0,
            "y": 46.0
        },
        "demand": 16.0
    },
    "customer_23": {
        "coordinates": {
            "x": 85.0,
            "y": 10.0
        },
        "demand": 7.0
    },
    "customer_24": {
        "coordinates": {
            "x": 75.0,
            "y": 20.0
        },
        "demand": 21.0
    },
    "customer_25": {
        "coordinates": {
            "x": 15.0,
            "y": 21.0
        },
        "demand": 11.0
    },
    "customer_26": {
        "coordinates": {
            "x": 90.0,
            "y": 45.0
        },
        "demand": 21.0
    },
    "customer_27": {
        "coordinates": {
            "x": 15.0,
            "y": 0.0
        },
        "demand": 11.0
    },
    "customer_28": {
        "coordinates": {
            "x": 31.0,
            "y": 26.0
        },
        "demand": 21.0
    },
    "customer_29": {
        "coordinates": {
            "x": 10.0,
            "y": 95.0
        },
        "demand": 22.0
    },
    "customer_3": {
        "coordinates": {
            "x": 81.0,
            "y": 70.0
        },
        "demand": 6.0
    },
    "customer_30": {
        "coordinates": {
            "x": 6.0,
            "y": 6.0
        },
        "demand": 25.0
    },
    "customer_31": {
        "coordinates": {
            "x": 51.0,
            "y": 5.0
        },
        "demand": 2.0
    },
    "customer_32": {
        "coordinates": {
            "x": 26.0,
            "y": 36.0
        },
        "demand": 22.0
    },
    "customer_4": {
        "coordinates": {
            "x": 85.0,
            "y": 61.0
        },
        "demand": 15.0
    },
    "customer_5": {
        "coordinates": {
            "x": 59.0,
            "y": 55.0
        },
        "demand": 7.0
    },
    "customer_6": {
        "coordinates": {
            "x": 45.0,
            "y": 60.0
        },
        "demand": 5.0
    },
    "customer_7": {
        "coordinates": {
            "x": 50.0,
            "y": 64.0
        },
        "demand": 15.0
    },
    "customer_8": {
        "coordinates": {
            "x": 80.0,
            "y": 64.0
        },
        "demand": 16.0
    },
    "customer_9": {
        "coordinates": {
            "x": 75.0,
            "y": 90.0
        },
        "demand": 17.0
    },
    "depart": {
        "coordinates": {
            "x": 34.0,
            "y": 31.0
        },
        "demand": 0.0
    },
    "distance_matrix": [
        [
            0.0,
            26.40075756488817,
            60.802960454241045,
            61.07372593840988,
            59.16924876994806,
            34.655446902326915,
            31.016124838541646,
            36.6742416417845,
            56.61271941887264,
            71.84705978674423,
            12.727922061357855,
            43.01162633521314,
            35.4682957019364,
            28.0178514522438,
            14.035668847618199,
            64.63745044476924,
            39.66106403010388,
            24.698178070456937,
            30.083217912982647,
            41.48493702538308,
            61.91122676865643,
            23.345235059857504,
            49.33558553417604,
            55.154328932550705,
            42.44997055358225,
            21.470910553583888,
            57.723478758647246,
            36.359317925395686,
            5.830951894845301,
            68.35202996254024,
            37.53664875824692,
            31.064449134018133,
            9.433981132056603
        ],
        [
            26.40075756488817,
            0.0,
            35.35533905932738,
            39.0,
            40.44749683231337,
            14.0,
            5.0,
            10.295630140987,
            36.138621999185304,
            46.09772228646444,
            25.0,
            37.64306044943742,
            45.35416188179427,
            5.0990195135927845,
            14.142135623730951,
            38.948684188300895,
            63.655321851358195,
            20.024984394500787,
            4.0,
            16.0,
            35.805027579936315,
            39.44616584663204,
            37.107950630558946,
            60.207972893961475,
            46.09772228646444,
            45.34313619501854,
            46.09772228646444,
            62.64982043070834,
            32.202484376209235,
            53.150729063673246,
            62.625873247404705,
            50.35871324805669,
            26.870057685088806
        ],
        [
            60.802960454241045,
            35.35533905932738,
            0.0,
            14.866068747318506,
            24.20743687382041,
            27.313000567495326,
            32.01562118716424,
            25.612496949731394,
            18.867962264113206,
            11.180339887498949,
            60.207972893961475,
            62.5859409132754,
            77.82673062643708,
            32.802438933713454,
            49.49747468305833,
            4.123105625617661,
            99.00505037623081,
            51.97114584074513,
            32.64965543462902,
            26.570660511172846,
            5.656854249492381,
            74.2024258363566,
            35.73513677041127,
            71.58910531638176,
            60.207972893961475,
            80.65977932030313,
            40.311288741492746,
            97.082439194738,
            66.61080993352356,
            61.84658438426491,
            97.83659846908007,
            77.3692445355388,
            62.22539674441618
        ],
        [
            61.07372593840988,
            39.0,
            14.866068747318506,
            0.0,
            9.848857801796104,
            26.627053911388696,
            37.36308338453881,
            31.575306807693888,
            6.082762530298219,
            20.8806130178211,
            63.52952069707436,
            72.11102550927978,
            84.11896337925236,
            34.88552708502482,
            52.354560450833695,
            17.204650534085253,
            100.60318086422517,
            58.240879114244144,
            37.64306044943742,
            36.013886210738214,
            20.518284528683193,
            78.26237921249263,
            24.0,
            60.13318551349163,
            50.35871324805669,
            82.20097323024831,
            26.570660511172846,
            96.20810776644555,
            66.60330322138685,
            75.27283706623525,
            98.59513172565875,
            71.58910531638176,
            64.66065264130884
        ],
        [
            59.16924876994806,
            40.44749683231337,
            24.20743687382041,
            9.848857801796104,
            0.0,
            26.68332812825267,
            40.01249804748511,
            35.12833614050059,
            5.830951894845301,
            30.675723300355934,
            63.56886030125127,
            76.16429609731846,
            85.70297544426332,
            35.6931365951495,
            52.49761899362675,
            26.92582403567252,
            98.79271228182775,
            60.40695324215582,
            40.049968789001575,
            41.23105625617661,
            29.832867780352597,
            78.43468620451031,
            15.524174696260024,
            51.0,
            42.20189569201838,
            80.62257748298549,
            16.76305461424021,
            92.84934033152847,
            64.35060217278468,
            82.34682750416071,
            96.26006440887103,
            65.5133574166368,
            64.07807737440318
        ],
        [
            34.655446902326915,
            14.0,
            27.313000567495326,
            26.627053911388696,
            26.68332812825267,
            0.0,
            14.866068747318506,
            12.727922061357855,
            22.847319317591726,
            38.48376280978771,
            37.16180835212409,
            51.19570294468082,
            59.033888572581766,
            9.055385138137417,
            26.0,
            31.38470965295043,
            74.02702209328699,
            34.0147027033899,
            14.560219778561036,
            21.2602916254693,
            29.832867780352597,
            52.0,
            23.769728648009426,
            51.97114584074513,
            38.48376280978771,
            55.60575509783138,
            32.57299494980466,
            70.43436661176133,
            40.311288741492746,
            63.25345840347388,
            72.18032973047436,
            50.635955604688654,
            38.07886552931954
        ],
        [
            31.016124838541646,
            5.0,
            32.01562118716424,
            37.36308338453881,
            40.01249804748511,
            14.866068747318506,
            0.0,
            6.4031242374328485,
            35.22782990761707,
            42.42640687119285,
            28.284271247461902,
            36.49657518178932,
            46.8187996428785,
            7.810249675906654,
            18.027756377319946,
            35.38361202590826,
            67.35725647619564,
            20.8806130178211,
            1.0,
            11.0,
            31.89043743820395,
            42.20189569201838,
            38.62641583165593,
            64.03124237432849,
            50.0,
            49.20365840057018,
            47.43416490252569,
            67.08203932499369,
            36.76955262170047,
            49.49747468305833,
            66.61080993352356,
            55.326304774492215,
            30.610455730027933
        ],
        [
            36.6742416417845,
            10.295630140987,
            25.612496949731394,
            31.575306807693888,
            35.12833614050059,
            12.727922061357855,
            6.4031242374328485,
            0.0,
            30.0,
            36.069377593742864,
            34.655446902326915,
            41.048751503547585,
            52.92447448959697,
            10.0,
            24.20743687382041,
            29.0,
            73.66138744281159,
            26.92582403567252,
            7.0710678118654755,
            8.602325267042627,
            25.612496949731394,
            48.60041152089147,
            35.84689665786984,
            64.35060217278468,
            50.60632371551998,
            55.44366510251645,
            44.28317965096906,
            72.94518489934754,
            42.485291572496,
            50.60632371551998,
            72.80109889280519,
            59.00847396772772,
            36.87817782917155
        ],
        [
            56.61271941887264,
            36.138621999185304,
            18.867962264113206,
            6.082762530298219,
            5.830951894845301,
            22.847319317591726,
            35.22782990761707,
            30.0,
            0.0,
            26.476404589747453,
            60.00833275470999,
            71.02816342831905,
            81.49233092751734,
            31.622776601683793,
            48.84669896727925,
            21.93171219946131,
            96.26006440887103,
            55.90169943749474,
            35.35533905932738,
            35.6931365951495,
            24.413111231467404,
            74.84650960465692,
            18.027756377319946,
            54.230987451824994,
            44.28317965096906,
            77.93587107359485,
            21.470910553583888,
            91.21951545584969,
            62.00806399170998,
            76.55716818169282,
            94.02127418834527,
            65.7419196555744,
            60.8276253029822
        ],
        [
            71.84705978674423,
            46.09772228646444,
            11.180339887498949,
            20.8806130178211,
            30.675723300355934,
            38.48376280978771,
            42.42640687119285,
            36.069377593742864,
            26.476404589747453,
            0.0,
            70.71067811865476,
            70.22819946431775,
            87.13208364316786,
            43.829214001622255,
            60.207972893961475,
            7.211102550927978,
            109.71326264403953,
            61.61168720299745,
            43.139309220245984,
            35.510561809129406,
            10.816653826391969,
            84.38601779915912,
            44.40720662234904,
            80.62257748298549,
            70.0,
            91.43850392476902,
            47.43416490252569,
            108.16653826391968,
            77.6659513557904,
            65.19202405202648,
            108.70602559196064,
            88.32326986700618,
            72.91776189653656
        ],
        [
            12.727922061357855,
            25.0,
            60.207972893961475,
            63.52952069707436,
            63.56886030125127,
            37.16180835212409,
            28.284271247461902,
            34.655446902326915,
            60.00833275470999,
            70.71067811865476,
            0.0,
            30.528675044947494,
            24.331050121192877,
            28.653097563788805,
            11.180339887498949,
            63.655321851358195,
            39.20459156782532,
            14.0,
            27.586228448267445,
            36.89173349139343,
            60.14149981501958,
            14.866068747318506,
            56.32051136131489,
            67.08203932499369,
            53.85164807134504,
            21.470910553583888,
            65.19202405202648,
            41.23105625617661,
            15.231546211727817,
            57.0087712549569,
            38.948684188300895,
            43.60045871318328,
            4.123105625617661
        ],
        [
            43.01162633521314,
            37.64306044943742,
            62.5859409132754,
            72.11102550927978,
            76.16429609731846,
            51.19570294468082,
            36.49657518178932,
            41.048751503547585,
            71.02816342831905,
            70.22819946431775,
            30.528675044947494,
            0.0,
            23.40939982143925,
            42.720018726587654,
            33.421549934136806,
            64.5600495662759,
            57.55866572463264,
            20.0,
            36.6742416417845,
            36.345563690772494,
            59.77457653551382,
            31.064449134018133,
            74.72616676907762,
            94.40338976964757,
            80.44874144447506,
            45.39823785126467,
            83.67795408588812,
            66.27216610312357,
            45.65084884205331,
            29.017236257093817,
            60.07495318350236,
            74.06078584514209,
            34.48187929913333
        ],
        [
            35.4682957019364,
            45.35416188179427,
            77.82673062643708,
            84.11896337925236,
            85.70297544426332,
            59.033888572581766,
            46.8187996428785,
            52.92447448959697,
            81.49233092751734,
            87.13208364316786,
            24.331050121192877,
            23.40939982143925,
            0.0,
            50.00999900019995,
            34.0147027033899,
            80.62257748298549,
            35.0,
            26.0,
            46.486557196677836,
            51.62363799656123,
            76.32168761236873,
            13.45362404707371,
            80.02499609497022,
            90.62008607367353,
            77.79460135510689,
            26.92582403567252,
            89.00561780022652,
            46.17358552246078,
            34.9857113690718,
            51.78802950489621,
            38.3275357934736,
            63.41135544995076,
            26.248809496813376
        ],
        [
            28.0178514522438,
            5.0990195135927845,
            32.802438933713454,
            34.88552708502482,
            35.6931365951495,
            9.055385138137417,
            7.810249675906654,
            10.0,
            31.622776601683793,
            43.829214001622255,
            28.653097563788805,
            42.720018726587654,
            50.00999900019995,
            0.0,
            17.4928556845359,
            36.61966684720111,
            66.52818951391959,
            25.0,
            7.0710678118654755,
            17.72004514666935,
            34.0,
            43.382023926967726,
            32.01562118716424,
            56.22277118748239,
            42.20189569201838,
            48.104053883222775,
            41.0,
            64.35060217278468,
            33.83784863137726,
            57.28001396647874,
            65.11528238439882,
            49.01020301937138,
            30.0
        ],
        [
            14.035668847618199,
            14.142135623730951,
            49.49747468305833,
            52.354560450833695,
            52.49761899362675,
            26.0,
            18.027756377319946,
            24.20743687382041,
            48.84669896727925,
            60.207972893961475,
            11.180339887498949,
            33.421549934136806,
            34.0147027033899,
            17.4928556845359,
            0.0,
            53.075418038862395,
            49.51767361255979,
            13.45362404707371,
            17.204650534085253,
            27.85677655436824,
            49.8196748283246,
            26.0,
            46.010868281309364,
            61.032778078668514,
            47.16990566028302,
            31.240998703626616,
            55.0,
            49.24428900898052,
            19.4164878389476,
            55.90169943749474,
            48.60041152089147,
            43.08131845707603,
            12.727922061357855
        ],
        [
            64.63745044476924,
            38.948684188300895,
            4.123105625617661,
            17.204650534085253,
            26.92582403567252,
            31.38470965295043,
            35.38361202590826,
            29.0,
            21.93171219946131,
            7.211102550927978,
            63.655321851358195,
            64.5600495662759,
            80.62257748298549,
            36.61966684720111,
            53.075418038862395,
            0.0,
            102.59142264341595,
            54.91812087098393,
            36.069377593742864,
            29.068883707497267,
            5.0,
            77.46612162745726,
            39.293765408777,
            75.31268153505093,
            64.1248781675256,
            84.29116205154607,
            43.382023926967726,
            100.9554357129917,
            70.45565981523414,
            61.98386886924694,
            101.53324578678651,
            81.49233092751734,
            65.79513659838392
        ],
        [
            39.66106403010388,
            63.655321851358195,
            99.00505037623081,
            100.60318086422517,
            98.79271228182775,
            74.02702209328699,
            67.35725647619564,
            73.66138744281159,
            96.26006440887103,
            109.71326264403953,
            39.20459156782532,
            57.55866572463264,
            35.0,
            66.52818951391959,
            49.51767361255979,
            102.59142264341595,
            0.0,
            51.0,
            66.60330322138685,
            76.02631123499285,
            99.24716620639605,
            27.85677655436824,
            88.14193099768123,
            84.00595217006948,
            74.81310045707235,
            18.439088914585774,
            96.00520819205592,
            16.64331697709324,
            34.48187929913333,
            86.46964785403026,
            5.830951894845301,
            50.15974481593781,
            36.796738985948195
        ],
        [
            24.698178070456937,
            20.024984394500787,
            51.97114584074513,
            58.240879114244144,
            60.40695324215582,
            34.0147027033899,
            20.8806130178211,
            26.92582403567252,
            55.90169943749474,
            61.61168720299745,
            14.0,
            20.0,
            26.0,
            25.0,
            13.45362404707371,
            54.91812087098393,
            51.0,
            0.0,
            20.615528128088304,
            26.248809496813376,
            50.80354318352215,
            23.600847442411894,
            56.568542494923804,
            74.4043009509531,
            60.4648658313239,
            34.48187929913333,
            65.62011886609167,
            54.91812087098393,
            28.635642126552707,
            43.657759905886145,
            51.62363799656123,
            55.47071299343465,
            18.027756377319946
        ],
        [
            30.083217912982647,
            4.0,
            32.64965543462902,
            37.64306044943742,
            40.049968789001575,
            14.560219778561036,
            1.0,
            7.0710678118654755,
            35.35533905932738,
            43.139309220245984,
            27.586228448267445,
            36.6742416417845,
            46.486557196677836,
            7.0710678118654755,
            17.204650534085253,
            36.069377593742864,
            66.60330322138685,
            20.615528128088304,
            0.0,
            12.0,
            32.64965543462902,
            41.617304093369626,
            38.27531841800928,
            63.25345840347388,
            49.20365840057018,
            48.41487374764082,
            47.12748667179272,
            66.18912297349165,
            35.84689665786984,
            50.20956084253277,
            65.80273550544841,
            54.3323108288245,
            29.832867780352597
        ],
        [
            41.48493702538308,
            16.0,
            26.570660511172846,
            36.013886210738214,
            41.23105625617661,
            21.2602916254693,
            11.0,
            8.602325267042627,
            35.6931365951495,
            35.510561809129406,
            36.89173349139343,
            36.345563690772494,
            51.62363799656123,
            17.72004514666935,
            27.85677655436824,
            29.068883707497267,
            76.02631123499285,
            26.248809496813376,
            12.0,
            0.0,
            24.698178070456937,
            49.51767361255979,
            43.829214001622255,
            72.94518489934754,
            59.16924876994806,
            58.309518948453004,
            51.97114584074513,
            77.07788269017254,
            47.12748667179272,
            42.43819034784589,
            75.8023746329889,
            66.27216610312357,
            39.824615503479755
        ],
        [
            61.91122676865643,
            35.805027579936315,
            5.656854249492381,
            20.518284528683193,
            29.832867780352597,
            29.832867780352597,
            31.89043743820395,
            25.612496949731394,
            24.413111231467404,
            10.816653826391969,
            60.14149981501958,
            59.77457653551382,
            76.32168761236873,
            34.0,
            49.8196748283246,
            5.0,
            99.24716620639605,
            50.80354318352215,
            32.64965543462902,
            24.698178070456937,
            0.0,
            73.66138744281159,
            40.85339643163099,
            76.40026177965623,
            64.6297145282261,
            81.05553651663777,
            45.79301256742124,
            98.2700361249552,
            67.7421582177598,
            57.0701322935211,
            98.40731680114035,
            80.4114419718985,
            62.48199740725323
        ],
        [
            23.345235059857504,
            39.44616584663204,
            74.2024258363566,
            78.26237921249263,
            78.43468620451031,
            52.0,
            42.20189569201838,
            48.60041152089147,
            74.84650960465692,
            84.38601779915912,
            14.866068747318506,
            31.064449134018133,
            13.45362404707371,
            43.382023926967726,
            26.0,
            77.46612162745726,
            27.85677655436824,
            23.600847442411894,
            41.617304093369626,
            49.51767361255979,
            73.66138744281159,
            0.0,
            70.8590149522275,
            78.10889834071403,
            65.73431371817918,
            14.560219778561036,
            79.63039620647382,
            35.22782990761707,
            21.93171219946131,
            60.00833275470999,
            29.427877939124322,
            50.0,
            15.033296378372908
        ],
        [
            49.33558553417604,
            37.107950630558946,
            35.73513677041127,
            24.0,
            15.524174696260024,
            23.769728648009426,
            38.62641583165593,
            35.84689665786984,
            18.027756377319946,
            44.40720662234904,
            56.32051136131489,
            74.72616676907762,
            80.02499609497022,
            32.01562118716424,
            46.010868281309364,
            39.293765408777,
            88.14193099768123,
            56.568542494923804,
            38.27531841800928,
            43.829214001622255,
            40.85339643163099,
            70.8590149522275,
            0.0,
            36.22154055254967,
            26.68332812825267,
            70.57619995437555,
            9.055385138137417,
            80.44874144447506,
            53.85164807134504,
            86.2670273047588,
            85.0,
            50.80354318352215,
            55.90169943749474
        ],
        [
            55.154328932550705,
            60.207972893961475,
            71.58910531638176,
            60.13318551349163,
            51.0,
            51.97114584074513,
            64.03124237432849,
            64.35060217278468,
            54.230987451824994,
            80.62257748298549,
            67.08203932499369,
            94.40338976964757,
            90.62008607367353,
            56.22277118748239,
            61.032778078668514,
            75.31268153505093,
            84.00595217006948,
            74.4043009509531,
            63.25345840347388,
            72.94518489934754,
            76.40026177965623,
            78.10889834071403,
            36.22154055254967,
            0.0,
            14.142135623730951,
            70.8590149522275,
            35.35533905932738,
            70.71067811865476,
            56.32051136131489,
            113.35784048754634,
            79.1012010022604,
            34.36568055487916,
            64.47480127925948
        ],
        [
            42.44997055358225,
            46.09772228646444,
            60.207972893961475,
            50.35871324805669,
            42.20189569201838,
            38.48376280978771,
            50.0,
            50.60632371551998,
            44.28317965096906,
            70.0,
            53.85164807134504,
            80.44874144447506,
            77.79460135510689,
            42.20189569201838,
            47.16990566028302,
            64.1248781675256,
            74.81310045707235,
            60.4648658313239,
            49.20365840057018,
            59.16924876994806,
            64.6297145282261,
            65.73431371817918,
            26.68332812825267,
            14.142135623730951,
            0.0,
            60.00833275470999,
            29.154759474226502,
            63.245553203367585,
            44.40720662234904,
            99.24716620639605,
            70.40596565632774,
            28.30194339616981,
            51.54609587543949
        ],
        [
            21.470910553583888,
            45.34313619501854,
            80.65977932030313,
            82.20097323024831,
            80.62257748298549,
            55.60575509783138,
            49.20365840057018,
            55.44366510251645,
            77.93587107359485,
            91.43850392476902,
            21.470910553583888,
            45.39823785126467,
            26.92582403567252,
            48.104053883222775,
            31.240998703626616,
            84.29116205154607,
            18.439088914585774,
            34.48187929913333,
            48.41487374764082,
            58.309518948453004,
            81.05553651663777,
            14.560219778561036,
            70.57619995437555,
            70.8590149522275,
            60.00833275470999,
            0.0,
            78.74642849044012,
            21.0,
            16.76305461424021,
            74.16872656315464,
            17.4928556845359,
            39.395431207184416,
            18.601075237738275
        ],
        [
            57.723478758647246,
            46.09772228646444,
            40.311288741492746,
            26.570660511172846,
            16.76305461424021,
            32.57299494980466,
            47.43416490252569,
            44.28317965096906,
            21.470910553583888,
            47.43416490252569,
            65.19202405202648,
            83.67795408588812,
            89.00561780022652,
            41.0,
            55.0,
            43.382023926967726,
            96.00520819205592,
            65.62011886609167,
            47.12748667179272,
            51.97114584074513,
            45.79301256742124,
            79.63039620647382,
            9.055385138137417,
            35.35533905932738,
            29.154759474226502,
            78.74642849044012,
            0.0,
            87.46427842267951,
            61.98386886924694,
            94.33981132056604,
            92.61209424259879,
            55.86591089385369,
            64.6297145282261
        ],
        [
            36.359317925395686,
            62.64982043070834,
            97.082439194738,
            96.20810776644555,
            92.84934033152847,
            70.43436661176133,
            67.08203932499369,
            72.94518489934754,
            91.21951545584969,
            108.16653826391968,
            41.23105625617661,
            66.27216610312357,
            46.17358552246078,
            64.35060217278468,
            49.24428900898052,
            100.9554357129917,
            16.64331697709324,
            54.91812087098393,
            66.18912297349165,
            77.07788269017254,
            98.2700361249552,
            35.22782990761707,
            80.44874144447506,
            70.71067811865476,
            63.245553203367585,
            21.0,
            87.46427842267951,
            0.0,
            30.528675044947494,
            95.13148795220224,
            10.816653826391969,
            36.345563690772494,
            37.64306044943742
        ],
        [
            5.830951894845301,
            32.202484376209235,
            66.61080993352356,
            66.60330322138685,
            64.35060217278468,
            40.311288741492746,
            36.76955262170047,
            42.485291572496,
            62.00806399170998,
            77.6659513557904,
            15.231546211727817,
            45.65084884205331,
            34.9857113690718,
            33.83784863137726,
            19.4164878389476,
            70.45565981523414,
            34.48187929913333,
            28.635642126552707,
            35.84689665786984,
            47.12748667179272,
            67.7421582177598,
            21.93171219946131,
            53.85164807134504,
            56.32051136131489,
            44.40720662234904,
            16.76305461424021,
            61.98386886924694,
            30.528675044947494,
            0.0,
            72.12489168102785,
            32.01562118716424,
            29.0,
            11.180339887498949
        ],
        [
            68.35202996254024,
            53.150729063673246,
            61.84658438426491,
            75.27283706623525,
            82.34682750416071,
            63.25345840347388,
            49.49747468305833,
            50.60632371551998,
            76.55716818169282,
            65.19202405202648,
            57.0087712549569,
            29.017236257093817,
            51.78802950489621,
            57.28001396647874,
            55.90169943749474,
            61.98386886924694,
            86.46964785403026,
            43.657759905886145,
            50.20956084253277,
            42.43819034784589,
            57.0701322935211,
            60.00833275470999,
            86.2670273047588,
            113.35784048754634,
            99.24716620639605,
            74.16872656315464,
            94.33981132056604,
            95.13148795220224,
            72.12489168102785,
            0.0,
            89.08984229416954,
            98.89893831583835,
            61.1310068623117
        ],
        [
            37.53664875824692,
            62.625873247404705,
            97.83659846908007,
            98.59513172565875,
            96.26006440887103,
            72.18032973047436,
            66.61080993352356,
            72.80109889280519,
            94.02127418834527,
            108.70602559196064,
            38.948684188300895,
            60.07495318350236,
            38.3275357934736,
            65.11528238439882,
            48.60041152089147,
            101.53324578678651,
            5.830951894845301,
            51.62363799656123,
            65.80273550544841,
            75.8023746329889,
            98.40731680114035,
            29.427877939124322,
            85.0,
            79.1012010022604,
            70.40596565632774,
            17.4928556845359,
            92.61209424259879,
            10.816653826391969,
            32.01562118716424,
            89.08984229416954,
            0.0,
            45.01110973970759,
            36.05551275463989
        ],
        [
            31.064449134018133,
            50.35871324805669,
            77.3692445355388,
            71.58910531638176,
            65.5133574166368,
            50.635955604688654,
            55.326304774492215,
            59.00847396772772,
            65.7419196555744,
            88.32326986700618,
            43.60045871318328,
            74.06078584514209,
            63.41135544995076,
            49.01020301937138,
            43.08131845707603,
            81.49233092751734,
            50.15974481593781,
            55.47071299343465,
            54.3323108288245,
            66.27216610312357,
            80.4114419718985,
            50.0,
            50.80354318352215,
            34.36568055487916,
            28.30194339616981,
            39.395431207184416,
            55.86591089385369,
            36.345563690772494,
            29.0,
            98.89893831583835,
            45.01110973970759,
            0.0,
            39.824615503479755
        ],
        [
            9.433981132056603,
            26.870057685088806,
            62.22539674441618,
            64.66065264130884,
            64.07807737440318,
            38.07886552931954,
            30.610455730027933,
            36.87817782917155,
            60.8276253029822,
            72.91776189653656,
            4.123105625617661,
            34.48187929913333,
            26.248809496813376,
            30.0,
            12.727922061357855,
            65.79513659838392,
            36.796738985948195,
            18.027756377319946,
            29.832867780352597,
            39.824615503479755,
            62.48199740725323,
            15.033296378372908,
            55.90169943749474,
            64.47480127925948,
            51.54609587543949,
            18.601075237738275,
            64.6297145282261,
            37.64306044943742,
            11.180339887498949,
            61.1310068623117,
            36.05551275463989,
            39.824615503479755,
            0.0
        ]
    ],
    "instance_name": "A-n33-k6",
    "max_vehicle_number": 6,
    "vehicle_capacity": 100.0
}