{
    "Number_of_customers": 32,
    "customer_1": {
        "coordinates": {
            "x": 77.0,
            "y": 97.0
        },
        "demand": 5.0
    },
    "customer_10": {
        "coordinates": {
            "x": 48.0,
            "y": 13.0
        },
        "demand": 20.0
    },
    "customer_11": {
        "coordinates": {
            "x": 53.0,
            "y": 82.0
        },
        "demand": 5.0
    },
    "customer_12": {
        "coordinates": {
            "x": 39.0,
            "y": 27.0
        },
        "demand": 9.0
    },
    "customer_13": {
        "coordinates": {
            "x": 7.0,
            "y": 24.0
        },
        "demand": 23.0
    },
    "customer_14": {
        "coordinates": {
            "x": 67.0,
            "y": 98.0
        },
        "demand": 9.0
    },
    "customer_15": {
        "coordinates": {
            "x": 54.0,
            "y": 52.0
        },
        "demand": 18.0
    },
    "customer_16": {
        "coordinates": {
            "x": 72.0,
            "y": 43.0
        },
        "demand": 10.0
    },
    "customer_17": {
        "coordinates": {
            "x": 73.0,
            "y": 3.0
        },
        "demand": 24.0
    },
    "customer_18": {
        "coordinates": {
            "x": 59.0,
            "y": 77.0
        },
        "demand": 13.0
    },
    "customer_19": {
        "coordinates": {
            "x": 58.0,
            "y": 97.0
        },
        "demand": 14.0
    },
    "customer_2": {
        "coordinates": {
            "x": 28.0,
            "y": 64.0
        },
        "demand": 23.0
    },
    "customer_20": {
        "coordinates": {
            "x": 23.0,
            "y": 43.0
        },
        "demand": 8.0
    },
    "customer_21": {
        "coordinates": {
            "x": 68.0,
            "y": 98.0
        },
        "demand": 10.0
    },
    "customer_22": {
        "coordinates": {
            "x": 47.0,
            "y": 62.0
        },
        "demand": 19.0
    },
    "customer_23": {
        "coordinates": {
            "x": 52.0,
            "y": 72.0
        },
        "demand": 14.0
    },
    "customer_24": {
        "coordinates": {
            "x": 32.0,
            "y": 88.0
        },
        "demand": 13.0
    },
    "customer_25": {
        "coordinates": {
            "x": 39.0,
            "y": 7.0
        },
        "demand": 14.0
    },
    "customer_26": {
        "coordinates": {
            "x": 17.0,
            "y": 8.0
        },
        "demand": 2.0
    },
    "customer_27": {
        "coordinates": {
            "x": 38.0,
            "y": 7.0
        },
        "demand": 23.0
    },
    "customer_28": {
        "coordinates": {
            "x": 58.0,
            "y": 74.0
        },
        "demand": 15.0
    },
    "customer_29": {
        "coordinates": {
            "x": 82.0,
            "y": 67.0
        },
        "demand": 8.0
    },
    "customer_3": {
        "coordinates": {
            "x": 77.0,
            "y": 39.0
        },
        "demand": 14.0
    },
    "customer_30": {
        "coordinates": {
            "x": 42.0,
            "y": 7.0
        },
        "demand": 20.0
    },
    "customer_31": {
        "coordinates": {
            "x": 68.0,
            "y": 82.0
        },
        "demand": 24.0
    },
    "customer_32": {
        "coordinates": {
            "x": 7.0,
            "y": 48.0
        },
        "demand": 3.0
    },
    "customer_4": {
        "coordinates": {
            "x": 32.0,
            "y": 33.0
        },
        "demand": 13.0
    },
    "customer_5": {
        "coordinates": {
            "x": 32.0,
            "y": 8.0
        },
        "demand": 8.0
    },
    "customer_6": {
        "coordinates": {
            "x": 42.0,
            "y": 92.0
        },
        "demand": 18.0
    },
    "customer_7": {
        "coordinates": {
            "x": 8.0,
            "y": 3.0
        },
        "demand": 19.0
    },
    "customer_8": {
        "coordinates": {
            "x": 7.0,
            "y": 14.0
        },
        "demand": 10.0
    },
    "customer_9": {
        "coordinates": {
            "x": 82.0,
            "y": 17.0
        },
        "demand": 18.0
    },
    "depart": {
        "coordinates": {
            "x": 42.0,
            "y": 68.0
        },
        "demand": 0.0
    },
    "distance_matrix": [
        [
            0.0,
            45.45327270945405,
            14.560219778561036,
            45.45327270945405,
            36.40054944640259,
            60.8276253029822,
            24.0,
            73.35529974037323,
            64.35060217278468,
            64.81512169239521,
            55.326304774492215,
            17.804493814764857,
            41.10960958218893,
            56.22277118748239,
            39.05124837953327,
            20.0,
            39.05124837953327,
            72.01388754955533,
            19.235384061671343,
            33.12099032335839,
            31.400636936215164,
            39.698866482558415,
            7.810249675906654,
            10.770329614269007,
            22.360679774997898,
            61.07372593840988,
            65.0,
            61.1310068623117,
            17.08800749063506,
            40.01249804748511,
            61.0,
            29.5296461204668,
            40.311288741492746
        ],
        [
            45.45327270945405,
            0.0,
            59.07622195096772,
            58.0,
            78.2368199762746,
            99.72963451251589,
            35.35533905932738,
            116.60617479361889,
            108.57716150277645,
            80.15609770940699,
            88.86506625215557,
            28.30194339616981,
            79.64923100695951,
            101.13851887386922,
            10.04987562112089,
            50.53711507397311,
            54.230987451824994,
            94.08506789071261,
            26.90724809414742,
            19.0,
            76.36753236814714,
            9.055385138137417,
            46.09772228646444,
            35.35533905932738,
            45.89117562233506,
            97.6933979345585,
            107.33592129385204,
            98.08669634563088,
            29.832867780352597,
            30.4138126514911,
            96.56603957913983,
            17.4928556845359,
            85.44588931013593
        ],
        [
            14.560219778561036,
            59.07622195096772,
            0.0,
            55.00909015790027,
            31.25699921617557,
            56.142675390472796,
            31.304951684997057,
            64.19501538281614,
            54.230987451824994,
            71.58910531638176,
            54.78138369920935,
            30.805843601498726,
            38.600518131237564,
            45.17742799230607,
            51.73973328110612,
            28.635642126552707,
            48.75448697299562,
            75.8023746329889,
            33.61547262794322,
            44.598206241955516,
            21.587033144922902,
            52.49761899362675,
            19.1049731745428,
            25.298221281347036,
            24.331050121192877,
            58.05170109479997,
            57.0701322935211,
            57.87054518492115,
            31.622776601683793,
            54.08326913195984,
            58.69412236331676,
            43.86342439892262,
            26.40075756488817
        ],
        [
            45.45327270945405,
            58.0,
            55.00909015790027,
            0.0,
            45.39823785126467,
            54.644304369257,
            63.51377803280167,
            77.82673062643708,
            74.33034373659252,
            22.561028345356956,
            38.948684188300895,
            49.24428900898052,
            39.84971769034255,
            71.58910531638176,
            59.841457201508724,
            26.419689627245813,
            6.4031242374328485,
            36.22154055254967,
            42.04759208325728,
            61.032778078668514,
            54.147945482723536,
            59.682493245507096,
            37.8021163428716,
            41.400483088968905,
            66.52818951391959,
            49.678969393496885,
            67.53517601961218,
            50.44799302251776,
            39.824615503479755,
            28.442925306655784,
            47.4236228055175,
            43.93176527297759,
            70.57619995437555
        ],
        [
            36.40054944640259,
            78.2368199762746,
            31.25699921617557,
            45.39823785126467,
            0.0,
            25.0,
            59.841457201508724,
            38.41874542459709,
            31.400636936215164,
            52.49761899362675,
            25.612496949731394,
            53.31041174104736,
            9.219544457292887,
            26.570660511172846,
            73.824115301167,
            29.068883707497267,
            41.23105625617661,
            50.80354318352215,
            51.62363799656123,
            69.07966415668217,
            13.45362404707371,
            74.30343195303969,
            32.64965543462902,
            43.829214001622255,
            55.0,
            26.92582403567252,
            29.154759474226502,
            26.68332812825267,
            48.54894437575342,
            60.4648658313239,
            27.85677655436824,
            60.802960454241045,
            29.154759474226502
        ],
        [
            60.8276253029822,
            99.72963451251589,
            56.142675390472796,
            54.644304369257,
            25.0,
            0.0,
            84.5931439302264,
            24.515301344262525,
            25.709920264364882,
            50.80354318352215,
            16.76305461424021,
            76.92203845452875,
            20.248456731316587,
            29.68164415931166,
            96.56603957913983,
            49.193495504995376,
            53.150729063673246,
            41.30375285612676,
            74.09453421137081,
            92.72000862812729,
            36.138621999185304,
            96.93296652842108,
            56.04462507680822,
            67.05221845696084,
            80.0,
            7.0710678118654755,
            15.0,
            6.082762530298219,
            70.9365914038728,
            77.33692520394123,
            10.04987562112089,
            82.29216244576394,
            47.16990566028302
        ],
        [
            24.0,
            35.35533905932738,
            31.304951684997057,
            63.51377803280167,
            59.841457201508724,
            84.5931439302264,
            0.0,
            95.2732911156112,
            85.492689745966,
            85.0,
            79.22752047110903,
            14.866068747318506,
            65.06919393998976,
            76.47875521999558,
            25.709920264364882,
            41.7612260356422,
            57.4543296888929,
            94.2443632266673,
            22.67156809750927,
            16.76305461424021,
            52.55473337388365,
            26.68332812825267,
            30.4138126514911,
            22.360679774997898,
            10.770329614269007,
            85.05292469985967,
            87.64131445842195,
            85.09406559801923,
            24.08318915758459,
            47.16990566028302,
            85.0,
            27.85677655436824,
            56.22277118748239
        ],
        [
            73.35529974037323,
            116.60617479361889,
            64.19501538281614,
            77.82673062643708,
            38.41874542459709,
            24.515301344262525,
            95.2732911156112,
            0.0,
            11.045361017187261,
            75.31268153505093,
            41.23105625617661,
            90.91754506144565,
            39.20459156782532,
            21.02379604162864,
            111.83022847155415,
            67.20863039818622,
            75.47184905645283,
            65.0,
            89.87213138676528,
            106.47065323364932,
            42.720018726587654,
            112.36102527122117,
            70.7248188403477,
            81.83520025025906,
            88.32326986700618,
            31.25699921617557,
            10.295630140987,
            30.265491900843113,
            86.83893136145792,
            97.83659846908007,
            34.23448553724738,
            99.20181449953424,
            45.01110973970759
        ],
        [
            64.35060217278468,
            108.57716150277645,
            54.230987451824994,
            74.33034373659252,
            31.400636936215164,
            25.709920264364882,
            85.492689745966,
            11.045361017187261,
            0.0,
            75.05997601918082,
            41.012193308819754,
            82.09750300709517,
            34.539832078341085,
            10.0,
            103.22790320451152,
            60.440052945046304,
            71.17583859709698,
            66.91038783328041,
            81.68843247363729,
            97.41663102366043,
            33.12099032335839,
            103.81233067415451,
            62.48199740725323,
            73.40980860893181,
            78.10889834071403,
            32.7566787083184,
            11.661903789690601,
            31.78049716414141,
            78.74642849044012,
            91.83681179135085,
            35.6931365951495,
            91.35097153287424,
            34.0
        ],
        [
            64.81512169239521,
            80.15609770940699,
            71.58910531638176,
            22.561028345356956,
            52.49761899362675,
            50.80354318352215,
            85.0,
            75.31268153505093,
            75.05997601918082,
            0.0,
            34.23448553724738,
            71.17583859709698,
            44.14748010928823,
            75.32595834106593,
            82.37718130647589,
            44.82186966202994,
            27.85677655436824,
            16.64331697709324,
            64.25729530566937,
            83.5224520712844,
            64.47480127925948,
            82.20097323024831,
            57.0087712549569,
            62.64982043070834,
            86.83893136145792,
            44.14748010928823,
            65.62011886609167,
            45.12205669071391,
            61.84658438426491,
            50.0,
            41.23105625617661,
            66.49060083951716,
            81.15417426109393
        ],
        [
            55.326304774492215,
            88.86506625215557,
            54.78138369920935,
            38.948684188300895,
            25.612496949731394,
            16.76305461424021,
            79.22752047110903,
            41.23105625617661,
            41.012193308819754,
            34.23448553724738,
            0.0,
            69.18092222571191,
            16.64331697709324,
            42.44997055358225,
            87.0976463516667,
            39.45883931389772,
            38.41874542459709,
            26.92582403567252,
            64.93843238021688,
            84.5931439302264,
            39.05124837953327,
            87.32124598286491,
            49.01020301937138,
            59.135437767890075,
            76.68767828015137,
            10.816653826391969,
            31.400636936215164,
            11.661903789690601,
            61.814237842102365,
            63.812224534175265,
            8.48528137423857,
            71.84010022264724,
            53.907327887774215
        ],
        [
            17.804493814764857,
            28.30194339616981,
            30.805843601498726,
            49.24428900898052,
            53.31041174104736,
            76.92203845452875,
            14.866068747318506,
            90.91754506144565,
            82.09750300709517,
            71.17583859709698,
            69.18092222571191,
            0.0,
            56.753854494650845,
            74.02702209328699,
            21.2602916254693,
            30.01666203960727,
            43.382023926967726,
            81.49233092751734,
            7.810249675906654,
            15.811388300841896,
            49.20365840057018,
            21.93171219946131,
            20.8806130178211,
            10.04987562112089,
            21.840329667841555,
            76.2954782408499,
            82.29216244576394,
            76.48529270389177,
            9.433981132056603,
            32.64965543462902,
            75.8023746329889,
            15.0,
            57.201398584300364
        ],
        [
            41.10960958218893,
            79.64923100695951,
            38.600518131237564,
            39.84971769034255,
            9.219544457292887,
            20.248456731316587,
            65.06919393998976,
            39.20459156782532,
            34.539832078341085,
            44.14748010928823,
            16.64331697709324,
            56.753854494650845,
            0.0,
            32.14031735997639,
            76.32168761236873,
            29.154759474226502,
            36.6742416417845,
            41.617304093369626,
            53.85164807134504,
            72.53275122315436,
            22.627416997969522,
            76.69419795525604,
            35.90264614203248,
            46.84015371452148,
            61.40032573203501,
            20.0,
            29.068883707497267,
            20.024984394500787,
            50.695167422546305,
            58.728187440104094,
            20.223748416156685,
            62.177166226839255,
            38.27531841800928
        ],
        [
            56.22277118748239,
            101.13851887386922,
            45.17742799230607,
            71.58910531638176,
            26.570660511172846,
            29.68164415931166,
            76.47875521999558,
            21.02379604162864,
            10.0,
            75.32595834106593,
            42.44997055358225,
            74.02702209328699,
            32.14031735997639,
            0.0,
            95.26804291051643,
            54.70831746635972,
            67.72001181334805,
            69.26037828369117,
            74.24957912338628,
            89.05054744357274,
            24.839484696748443,
            95.90099061010788,
            55.17245689653489,
            65.79513659838392,
            68.70953354520753,
            36.235341863986875,
            18.867962264113206,
            35.35533905932738,
            71.42128534267638,
            86.45229898620394,
            38.91015291668744,
            84.17244204607586,
            24.0
        ],
        [
            39.05124837953327,
            10.04987562112089,
            51.73973328110612,
            59.841457201508724,
            73.824115301167,
            96.56603957913983,
            25.709920264364882,
            111.83022847155415,
            103.22790320451152,
            82.37718130647589,
            87.0976463516667,
            21.2602916254693,
            76.32168761236873,
            95.26804291051643,
            0.0,
            47.80167361086848,
            55.226805085936306,
            95.1892851112981,
            22.47220505424423,
            9.055385138137417,
            70.43436661176133,
            1.0,
            41.182520563948,
            30.01666203960727,
            36.40054944640259,
            95.2102935611481,
            102.95630140987001,
            95.50916186418976,
            25.632011235952593,
            34.438350715445125,
            94.37160589923221,
            16.0312195418814,
            78.10249675906654
        ],
        [
            20.0,
            50.53711507397311,
            28.635642126552707,
            26.419689627245813,
            29.068883707497267,
            49.193495504995376,
            41.7612260356422,
            67.20863039818622,
            60.440052945046304,
            44.82186966202994,
            39.45883931389772,
            30.01666203960727,
            29.154759474226502,
            54.70831746635972,
            47.80167361086848,
            0.0,
            20.12461179749811,
            52.55473337388365,
            25.495097567963924,
            45.17742799230607,
            32.28002478313795,
            48.08326112068523,
            12.206555615733702,
            20.09975124224178,
            42.190046219457976,
            47.43416490252569,
            57.48912940721924,
            47.75981574503821,
            22.360679774997898,
            31.76476034853718,
            46.57252408878007,
            33.1058907144937,
            47.16990566028302
        ],
        [
            39.05124837953327,
            54.230987451824994,
            48.75448697299562,
            6.4031242374328485,
            41.23105625617661,
            53.150729063673246,
            57.4543296888929,
            75.47184905645283,
            71.17583859709698,
            27.85677655436824,
            38.41874542459709,
            43.382023926967726,
            36.6742416417845,
            67.72001181334805,
            55.226805085936306,
            20.12461179749811,
            0.0,
            40.01249804748511,
            36.40054944640259,
            55.78530272392541,
            49.0,
            55.14526271584895,
            31.400636936215164,
            35.22782990761707,
            60.207972893961475,
            48.83646178829912,
            65.19202405202648,
            49.51767361255979,
            34.0147027033899,
            26.0,
            46.861498055439924,
            39.20459156782532,
            65.19202405202648
        ],
        [
            72.01388754955533,
            94.08506789071261,
            75.8023746329889,
            36.22154055254967,
            50.80354318352215,
            41.30375285612676,
            94.2443632266673,
            65.0,
            66.91038783328041,
            16.64331697709324,
            26.92582403567252,
            81.49233092751734,
            41.617304093369626,
            69.26037828369117,
            95.1892851112981,
            52.55473337388365,
            40.01249804748511,
            0.0,
            75.31268153505093,
            95.1892851112981,
            64.03124237432849,
            95.13148795220224,
            64.47480127925948,
            72.12489168102785,
            94.37160589923221,
            34.23448553724738,
            56.22277118748239,
            35.22782990761707,
            72.56721022610694,
            64.6297145282261,
            31.25699921617557,
            79.1580697086532,
            79.88116173416608
        ],
        [
            19.235384061671343,
            26.90724809414742,
            33.61547262794322,
            42.04759208325728,
            51.62363799656123,
            74.09453421137081,
            22.67156809750927,
            89.87213138676528,
            81.68843247363729,
            64.25729530566937,
            64.93843238021688,
            7.810249675906654,
            53.85164807134504,
            74.24957912338628,
            22.47220505424423,
            25.495097567963924,
            36.40054944640259,
            75.31268153505093,
            0.0,
            20.024984394500787,
            49.51767361255979,
            22.847319317591726,
            19.209372712298546,
            8.602325267042627,
            29.154759474226502,
            72.80109889280519,
            80.77747210701756,
            73.08214556237385,
            3.1622776601683795,
            25.079872407968907,
            72.03471385380801,
            10.295630140987,
            59.53990258641679
        ],
        [
            33.12099032335839,
            19.0,
            44.598206241955516,
            61.032778078668514,
            69.07966415668217,
            92.72000862812729,
            16.76305461424021,
            106.47065323364932,
            97.41663102366043,
            83.5224520712844,
            84.5931439302264,
            15.811388300841896,
            72.53275122315436,
            89.05054744357274,
            9.055385138137417,
            45.17742799230607,
            55.78530272392541,
            95.1892851112981,
            20.024984394500787,
            0.0,
            64.35060217278468,
            10.04987562112089,
            36.68787265568828,
            25.709920264364882,
            27.51363298439521,
            91.98369420718001,
            97.98979538707079,
            92.19544457292888,
            23.0,
            38.41874542459709,
            91.41115905621152,
            18.027756377319946,
            70.7248188403477
        ],
        [
            31.400636936215164,
            76.36753236814714,
            21.587033144922902,
            54.147945482723536,
            13.45362404707371,
            36.138621999185304,
            52.55473337388365,
            42.720018726587654,
            33.12099032335839,
            64.47480127925948,
            39.05124837953327,
            49.20365840057018,
            22.627416997969522,
            24.839484696748443,
            70.43436661176133,
            32.28002478313795,
            49.0,
            64.03124237432849,
            49.51767361255979,
            64.35060217278468,
            0.0,
            71.06335201775948,
            30.610455730027933,
            41.012193308819754,
            45.89117562233506,
            39.395431207184416,
            35.510561809129406,
            39.0,
            46.75467891024384,
            63.694583757176716,
            40.70626487409524,
            59.54829972383762,
            16.76305461424021
        ],
        [
            39.698866482558415,
            9.055385138137417,
            52.49761899362675,
            59.682493245507096,
            74.30343195303969,
            96.93296652842108,
            26.68332812825267,
            112.36102527122117,
            103.81233067415451,
            82.20097323024831,
            87.32124598286491,
            21.93171219946131,
            76.69419795525604,
            95.90099061010788,
            1.0,
            48.08326112068523,
            55.14526271584895,
            95.13148795220224,
            22.847319317591726,
            10.04987562112089,
            71.06335201775948,
            0.0,
            41.677331968349414,
            30.528675044947494,
            37.36308338453881,
            95.50916186418976,
            103.4456378974,
            95.81753492967766,
            26.0,
            34.0147027033899,
            94.64142856064674,
            16.0,
            78.87331614684399
        ],
        [
            7.810249675906654,
            46.09772228646444,
            19.1049731745428,
            37.8021163428716,
            32.64965543462902,
            56.04462507680822,
            30.4138126514911,
            70.7248188403477,
            62.48199740725323,
            57.0087712549569,
            49.01020301937138,
            20.8806130178211,
            35.90264614203248,
            55.17245689653489,
            41.182520563948,
            12.206555615733702,
            31.400636936215164,
            64.47480127925948,
            19.209372712298546,
            36.68787265568828,
            30.610455730027933,
            41.677331968349414,
            0.0,
            11.180339887498949,
            30.01666203960727,
            55.57877292636101,
            61.773780845922005,
            55.731499172371095,
            16.278820596099706,
            35.35533905932738,
            55.226805085936306,
            29.0,
            42.37924020083418
        ],
        [
            10.770329614269007,
            35.35533905932738,
            25.298221281347036,
            41.400483088968905,
            43.829214001622255,
            67.05221845696084,
            22.360679774997898,
            81.83520025025906,
            73.40980860893181,
            62.64982043070834,
            59.135437767890075,
            10.04987562112089,
            46.84015371452148,
            65.79513659838392,
            30.01666203960727,
            20.09975124224178,
            35.22782990761707,
            72.12489168102785,
            8.602325267042627,
            25.709920264364882,
            41.012193308819754,
            30.528675044947494,
            11.180339887498949,
            0.0,
            25.612496949731394,
            66.2872536767062,
            72.94518489934754,
            66.49060083951716,
            6.324555320336759,
            30.4138126514911,
            65.76473218982953,
            18.867962264113206,
            51.0
        ],
        [
            22.360679774997898,
            45.89117562233506,
            24.331050121192877,
            66.52818951391959,
            55.0,
            80.0,
            10.770329614269007,
            88.32326986700618,
            78.10889834071403,
            86.83893136145792,
            76.68767828015137,
            21.840329667841555,
            61.40032573203501,
            68.70953354520753,
            36.40054944640259,
            42.190046219457976,
            60.207972893961475,
            94.37160589923221,
            29.154759474226502,
            27.51363298439521,
            45.89117562233506,
            37.36308338453881,
            30.01666203960727,
            25.612496949731394,
            0.0,
            81.30190649671138,
            81.39410298049853,
            81.2219182240853,
            29.5296461204668,
            54.230987451824994,
            81.61494961096282,
            36.49657518178932,
            47.16990566028302
        ],
        [
            61.07372593840988,
            97.6933979345585,
            58.05170109479997,
            49.678969393496885,
            26.92582403567252,
            7.0710678118654755,
            85.05292469985967,
            31.25699921617557,
            32.7566787083184,
            44.14748010928823,
            10.816653826391969,
            76.2954782408499,
            20.0,
            36.235341863986875,
            95.2102935611481,
            47.43416490252569,
            48.83646178829912,
            34.23448553724738,
            72.80109889280519,
            91.98369420718001,
            39.395431207184416,
            95.50916186418976,
            55.57877292636101,
            66.2872536767062,
            81.30190649671138,
            0.0,
            22.02271554554524,
            1.0,
            69.6419413859206,
            73.81734213584231,
            3.0,
            80.4114419718985,
            52.009614495783374
        ],
        [
            65.0,
            107.33592129385204,
            57.0701322935211,
            67.53517601961218,
            29.154759474226502,
            15.0,
            87.64131445842195,
            10.295630140987,
            11.661903789690601,
            65.62011886609167,
            31.400636936215164,
            82.29216244576394,
            29.068883707497267,
            18.867962264113206,
            102.95630140987001,
            57.48912940721924,
            65.19202405202648,
            56.22277118748239,
            80.77747210701756,
            97.98979538707079,
            35.510561809129406,
            103.4456378974,
            61.773780845922005,
            72.94518489934754,
            81.39410298049853,
            22.02271554554524,
            0.0,
            21.02379604162864,
            77.69813382572325,
            87.78382538941898,
            25.019992006393608,
            89.87213138676528,
            41.23105625617661
        ],
        [
            61.1310068623117,
            98.08669634563088,
            57.87054518492115,
            50.44799302251776,
            26.68332812825267,
            6.082762530298219,
            85.09406559801923,
            30.265491900843113,
            31.78049716414141,
            45.12205669071391,
            11.661903789690601,
            76.48529270389177,
            20.024984394500787,
            35.35533905932738,
            95.50916186418976,
            47.75981574503821,
            49.51767361255979,
            35.22782990761707,
            73.08214556237385,
            92.19544457292888,
            39.0,
            95.81753492967766,
            55.731499172371095,
            66.49060083951716,
            81.2219182240853,
            1.0,
            21.02379604162864,
            0.0,
            69.92138442565336,
            74.4043009509531,
            4.0,
            80.77747210701756,
            51.40038910358559
        ],
        [
            17.08800749063506,
            29.832867780352597,
            31.622776601683793,
            39.824615503479755,
            48.54894437575342,
            70.9365914038728,
            24.08318915758459,
            86.83893136145792,
            78.74642849044012,
            61.84658438426491,
            61.814237842102365,
            9.433981132056603,
            50.695167422546305,
            71.42128534267638,
            25.632011235952593,
            22.360679774997898,
            34.0147027033899,
            72.56721022610694,
            3.1622776601683795,
            23.0,
            46.75467891024384,
            26.0,
            16.278820596099706,
            6.324555320336759,
            29.5296461204668,
            69.6419413859206,
            77.69813382572325,
            69.92138442565336,
            0.0,
            25.0,
            68.8839603971781,
            12.806248474865697,
            57.245087125446844
        ],
        [
            40.01249804748511,
            30.4138126514911,
            54.08326913195984,
            28.442925306655784,
            60.4648658313239,
            77.33692520394123,
            47.16990566028302,
            97.83659846908007,
            91.83681179135085,
            50.0,
            63.812224534175265,
            32.64965543462902,
            58.728187440104094,
            86.45229898620394,
            34.438350715445125,
            31.76476034853718,
            26.0,
            64.6297145282261,
            25.079872407968907,
            38.41874542459709,
            63.694583757176716,
            34.0147027033899,
            35.35533905932738,
            30.4138126514911,
            54.230987451824994,
            73.81734213584231,
            87.78382538941898,
            74.4043009509531,
            25.0,
            0.0,
            72.11102550927978,
            20.518284528683193,
            77.3692445355388
        ],
        [
            61.0,
            96.56603957913983,
            58.69412236331676,
            47.4236228055175,
            27.85677655436824,
            10.04987562112089,
            85.0,
            34.23448553724738,
            35.6931365951495,
            41.23105625617661,
            8.48528137423857,
            75.8023746329889,
            20.223748416156685,
            38.91015291668744,
            94.37160589923221,
            46.57252408878007,
            46.861498055439924,
            31.25699921617557,
            72.03471385380801,
            91.41115905621152,
            40.70626487409524,
            94.64142856064674,
            55.226805085936306,
            65.76473218982953,
            81.61494961096282,
            3.0,
            25.019992006393608,
            4.0,
            68.8839603971781,
            72.11102550927978,
            0.0,
            79.37883848986453,
            53.907327887774215
        ],
        [
            29.5296461204668,
            17.4928556845359,
            43.86342439892262,
            43.93176527297759,
            60.802960454241045,
            82.29216244576394,
            27.85677655436824,
            99.20181449953424,
            91.35097153287424,
            66.49060083951716,
            71.84010022264724,
            15.0,
            62.177166226839255,
            84.17244204607586,
            16.0312195418814,
            33.1058907144937,
            39.20459156782532,
            79.1580697086532,
            10.295630140987,
            18.027756377319946,
            59.54829972383762,
            16.0,
            29.0,
            18.867962264113206,
            36.49657518178932,
            80.4114419718985,
            89.87213138676528,
            80.77747210701756,
            12.806248474865697,
            20.518284528683193,
            79.37883848986453,
            0.0,
            69.83552104767315
        ],
        [
            40.311288741492746,
            85.44588931013593,
            26.40075756488817,
            70.57619995437555,
            29.154759474226502,
            47.16990566028302,
            56.22277118748239,
            45.01110973970759,
            34.0,
            81.15417426109393,
            53.907327887774215,
            57.201398584300364,
            38.27531841800928,
            24.0,
            78.10249675906654,
            47.16990566028302,
            65.19202405202648,
            79.88116173416608,
            59.53990258641679,
            70.7248188403477,
            16.76305461424021,
            78.87331614684399,
            42.37924020083418,
            51.0,
            47.16990566028302,
            52.009614495783374,
            41.23105625617661,
            51.40038910358559,
            57.245087125446844,
            77.3692445355388,
            53.907327887774215,
            69.83552104767315,
            0.0
        ]
    ],
    "instance_name": "A-n33-k5",
    "max_vehicle_number": 5,
    "vehicle_capacity": 100.0
}