{
    "Number_of_customers": 36,
    "customer_1": {
        "coordinates": {
            "x": 59.0,
            "y": 46.0
        },
        "demand": 16.0
    },
    "customer_10": {
        "coordinates": {
            "x": 82.0,
            "y": 28.0
        },
        "demand": 3.0
    },
    "customer_11": {
        "coordinates": {
            "x": 93.0,
            "y": 90.0
        },
        "demand": 6.0
    },
    "customer_12": {
        "coordinates": {
            "x": 74.0,
            "y": 42.0
        },
        "demand": 24.0
    },
    "customer_13": {
        "coordinates": {
            "x": 60.0,
            "y": 20.0
        },
        "demand": 19.0
    },
    "customer_14": {
        "coordinates": {
            "x": 78.0,
            "y": 58.0
        },
        "demand": 2.0
    },
    "customer_15": {
        "coordinates": {
            "x": 36.0,
            "y": 48.0
        },
        "demand": 5.0
    },
    "customer_16": {
        "coordinates": {
            "x": 45.0,
            "y": 36.0
        },
        "demand": 16.0
    },
    "customer_17": {
        "coordinates": {
            "x": 73.0,
            "y": 57.0
        },
        "demand": 7.0
    },
    "customer_18": {
        "coordinates": {
            "x": 10.0,
            "y": 91.0
        },
        "demand": 4.0
    },
    "customer_19": {
        "coordinates": {
            "x": 98.0,
            "y": 51.0
        },
        "demand": 22.0
    },
    "customer_2": {
        "coordinates": {
            "x": 96.0,
            "y": 42.0
        },
        "demand": 18.0
    },
    "customer_20": {
        "coordinates": {
            "x": 92.0,
            "y": 62.0
        },
        "demand": 7.0
    },
    "customer_21": {
        "coordinates": {
            "x": 43.0,
            "y": 42.0
        },
        "demand": 23.0
    },
    "customer_22": {
        "coordinates": {
            "x": 53.0,
            "y": 25.0
        },
        "demand": 16.0
    },
    "customer_23": {
        "coordinates": {
            "x": 78.0,
            "y": 65.0
        },
        "demand": 2.0
    },
    "customer_24": {
        "coordinates": {
            "x": 72.0,
            "y": 79.0
        },
        "demand": 2.0
    },
    "customer_25": {
        "coordinates": {
            "x": 37.0,
            "y": 88.0
        },
        "demand": 9.0
    },
    "customer_26": {
        "coordinates": {
            "x": 16.0,
            "y": 73.0
        },
        "demand": 2.0
    },
    "customer_27": {
        "coordinates": {
            "x": 75.0,
            "y": 96.0
        },
        "demand": 12.0
    },
    "customer_28": {
        "coordinates": {
            "x": 11.0,
            "y": 66.0
        },
        "demand": 1.0
    },
    "customer_29": {
        "coordinates": {
            "x": 9.0,
            "y": 49.0
        },
        "demand": 9.0
    },
    "customer_3": {
        "coordinates": {
            "x": 47.0,
            "y": 61.0
        },
        "demand": 1.0
    },
    "customer_30": {
        "coordinates": {
            "x": 25.0,
            "y": 72.0
        },
        "demand": 23.0
    },
    "customer_31": {
        "coordinates": {
            "x": 8.0,
            "y": 68.0
        },
        "demand": 6.0
    },
    "customer_32": {
        "coordinates": {
            "x": 12.0,
            "y": 61.0
        },
        "demand": 19.0
    },
    "customer_33": {
        "coordinates": {
            "x": 50.0,
            "y": 2.0
        },
        "demand": 7.0
    },
    "customer_34": {
        "coordinates": {
            "x": 26.0,
            "y": 54.0
        },
        "demand": 7.0
    },
    "customer_35": {
        "coordinates": {
            "x": 18.0,
            "y": 89.0
        },
        "demand": 20.0
    },
    "customer_36": {
        "coordinates": {
            "x": 22.0,
            "y": 53.0
        },
        "demand": 20.0
    },
    "customer_4": {
        "coordinates": {
            "x": 26.0,
            "y": 15.0
        },
        "demand": 13.0
    },
    "customer_5": {
        "coordinates": {
            "x": 66.0,
            "y": 6.0
        },
        "demand": 8.0
    },
    "customer_6": {
        "coordinates": {
            "x": 96.0,
            "y": 7.0
        },
        "demand": 23.0
    },
    "customer_7": {
        "coordinates": {
            "x": 37.0,
            "y": 25.0
        },
        "demand": 7.0
    },
    "customer_8": {
        "coordinates": {
            "x": 68.0,
            "y": 92.0
        },
        "demand": 27.0
    },
    "customer_9": {
        "coordinates": {
            "x": 78.0,
            "y": 84.0
        },
        "demand": 1.0
    },
    "depart": {
        "coordinates": {
            "x": 38.0,
            "y": 46.0
        },
        "demand": 0.0
    },
    "distance_matrix": [
        [
            0.0,
            21.0,
            58.137767414994535,
            17.4928556845359,
            33.24154027718932,
            48.82622246293481,
            69.8927750200262,
            21.02379604162864,
            54.91812087098393,
            55.17245689653489,
            47.53945729601885,
            70.43436661176133,
            36.22154055254967,
            34.058772731852805,
            41.7612260356422,
            2.8284271247461903,
            12.206555615733702,
            36.68787265568828,
            53.0,
            60.207972893961475,
            56.32051136131489,
            6.4031242374328485,
            25.80697580112788,
            44.28317965096906,
            47.38143096192854,
            42.01190307520001,
            34.828149534535996,
            62.20128616033595,
            33.60059523282288,
            29.154759474226502,
            29.068883707497267,
            37.20215047547655,
            30.01666203960727,
            45.60701700396552,
            14.422205101855956,
            47.4236228055175,
            17.46424919657298
        ],
        [
            21.0,
            0.0,
            37.21558813185679,
            19.209372712298546,
            45.27692569068709,
            40.607881008493905,
            53.75872022286245,
            30.4138126514911,
            46.87216658103186,
            42.485291572496,
            29.206163733020468,
            55.60575509783138,
            15.524174696260024,
            26.019223662515376,
            22.47220505424423,
            23.08679276123039,
            17.204650534085253,
            17.804493814764857,
            66.52818951391959,
            39.319206502675,
            36.6742416417845,
            16.492422502470642,
            21.840329667841555,
            26.870057685088806,
            35.4682957019364,
            47.41307836451879,
            50.774009099144415,
            52.49761899362675,
            52.0,
            50.08991914547278,
            42.80186911806539,
            55.54277630799526,
            49.33558553417604,
            44.91102314577124,
            33.95585369269929,
            59.413803110051795,
            37.656340767525464
        ],
        [
            58.137767414994535,
            37.21558813185679,
            0.0,
            52.55473337388365,
            75.02666192761077,
            46.861498055439924,
            35.0,
            61.40032573203501,
            57.30619512757761,
            45.69463863518345,
            19.79898987322333,
            48.093658625644196,
            22.0,
            42.190046219457976,
            24.08318915758459,
            60.29925372672534,
            51.35172830587107,
            27.459060435491963,
            98.97979591815695,
            9.219544457292887,
            20.396078054371138,
            53.0,
            46.238512086787566,
            29.206163733020468,
            44.10215414239989,
            74.81310045707235,
            85.7962703152066,
            57.9396237474839,
            88.32326986700618,
            87.28115489611719,
            77.07788269017254,
            91.76055797563569,
            86.12200647918046,
            60.959002616512684,
            71.02112361825881,
            91.0659101969557,
            74.81310045707235
        ],
        [
            17.4928556845359,
            19.209372712298546,
            52.55473337388365,
            0.0,
            50.566787519082126,
            58.18934610390462,
            72.91776189653656,
            37.36308338453881,
            37.44329045369811,
            38.600518131237564,
            48.104053883222775,
            54.378304497290095,
            33.015148038438355,
            43.01162633521314,
            31.144823004794873,
            17.029386365926403,
            25.079872407968907,
            26.30589287593181,
            47.634021455258214,
            51.97114584074513,
            45.01110973970759,
            19.4164878389476,
            36.49657518178932,
            31.25699921617557,
            30.805843601498726,
            28.792360097775937,
            33.24154027718932,
            44.82186966202994,
            36.345563690772494,
            39.84971769034255,
            24.596747752497688,
            39.6232255123179,
            35.0,
            59.07622195096772,
            22.135943621178654,
            40.311288741492746,
            26.248809496813376
        ],
        [
            33.24154027718932,
            45.27692569068709,
            75.02666192761077,
            50.566787519082126,
            0.0,
            41.0,
            70.45565981523414,
            14.866068747318506,
            87.70974860299168,
            86.40023148117139,
            57.48912940721924,
            100.56838469419701,
            55.072679252057455,
            34.36568055487916,
            67.47592163134935,
            34.48187929913333,
            28.319604517012593,
            63.0317380372777,
            77.6659513557904,
            80.49844718999243,
            81.02468759581859,
            31.906112267087632,
            28.792360097775937,
            72.13875518748573,
            78.81624198095213,
            73.824115301167,
            58.855755878248644,
            94.66784036831093,
            53.16013544000805,
            38.01315561749642,
            57.0087712549569,
            55.97320787662612,
            48.08326112068523,
            27.294688127912362,
            39.0,
            74.43117626371358,
            38.2099463490856
        ],
        [
            48.82622246293481,
            40.607881008493905,
            46.861498055439924,
            58.18934610390462,
            41.0,
            0.0,
            30.01666203960727,
            34.66987164671943,
            86.02325267042627,
            78.91767862779544,
            27.202941017470888,
            88.23264701911646,
            36.87817782917155,
            15.231546211727817,
            53.36665625650534,
            51.61395160225576,
            36.61966684720111,
            51.478150704935004,
            101.78899744078434,
            55.21775076911409,
            61.741396161732524,
            42.720018726587654,
            23.021728866442675,
            60.207972893961475,
            73.24616030891995,
            86.97700845625813,
            83.60023923410746,
            90.44888059008801,
            81.39410298049853,
            71.40028011149536,
            77.69813382572325,
            84.8999411071645,
            77.07788269017254,
            16.492422502470642,
            62.48199740725323,
            95.88013350011565,
            64.38167441127949
        ],
        [
            69.8927750200262,
            53.75872022286245,
            35.0,
            72.91776189653656,
            70.45565981523414,
            30.01666203960727,
            0.0,
            61.68468205316454,
            89.49301648732151,
            79.07591289387686,
            25.238858928247925,
            83.05419917138447,
            41.340053217188775,
            38.27531841800928,
            54.08326913195984,
            72.67048919609665,
            58.66856057549052,
            55.036351623268054,
            120.21647141718975,
            44.04543109109048,
            55.14526271584895,
            63.51377803280167,
            46.61544808322666,
            60.728905802755904,
            75.8946638440411,
            100.20977996183805,
            103.71113729971339,
            91.44397191723465,
            103.46980235798269,
            96.60745312862771,
            96.26006440887103,
            107.07474025184464,
            99.85990186255943,
            46.2709412050371,
            84.31488599292535,
            113.17243480636087,
            87.13208364316786
        ],
        [
            21.02379604162864,
            30.4138126514911,
            61.40032573203501,
            37.36308338453881,
            14.866068747318506,
            34.66987164671943,
            61.68468205316454,
            0.0,
            73.824115301167,
            71.84705978674423,
            45.09988913511872,
            85.7962703152066,
            40.718546143004666,
            23.53720459187964,
            52.630789467763066,
            23.021728866442675,
            13.601470508735444,
            48.16637831516918,
            71.30918594402827,
            66.30987860040162,
            66.2872536767062,
            18.027756377319946,
            16.0,
            57.28001396647874,
            64.35060217278468,
            63.0,
            52.392747589718944,
            80.52949770115296,
            48.54894437575342,
            36.87817782917155,
            48.507731342539614,
            51.86520991955976,
            43.829214001622255,
            26.419689627245813,
            31.016124838541646,
            66.76076692189807,
            31.76476034853718
        ],
        [
            54.91812087098393,
            46.87216658103186,
            57.30619512757761,
            37.44329045369811,
            87.70974860299168,
            86.02325267042627,
            89.49301648732151,
            73.824115301167,
            0.0,
            12.806248474865697,
            65.5133574166368,
            25.079872407968907,
            50.35871324805669,
            72.44308110509934,
            35.4400902933387,
            54.405882034941776,
            60.53924347066124,
            35.35533905932738,
            58.008620049092706,
            50.80354318352215,
            38.41874542459709,
            55.90169943749474,
            68.65857557508748,
            28.792360097775937,
            13.601470508735444,
            31.25699921617557,
            55.362442142665635,
            8.06225774829855,
            62.64982043070834,
            73.00684899377592,
            47.4236228055175,
            64.62197768561404,
            64.00781202322104,
            91.78235124467012,
            56.639209034025185,
            50.08991914547278,
            60.30754513325841
        ],
        [
            55.17245689653489,
            42.485291572496,
            45.69463863518345,
            38.600518131237564,
            86.40023148117139,
            78.91767862779544,
            79.07591289387686,
            71.84705978674423,
            12.806248474865697,
            0.0,
            56.142675390472796,
            16.15549442140351,
            42.190046219457976,
            66.48308055437865,
            26.0,
            55.31726674375732,
            58.249463516842795,
            27.459060435491963,
            68.3593446428504,
            38.58756276314948,
            26.076809620810597,
            54.67174773134658,
            64.07807737440318,
            19.0,
            7.810249675906654,
            41.19465984809196,
            62.96824596572466,
            12.36931687685298,
            69.3757882838098,
            77.3692445355388,
            54.3415126767741,
            71.80529228406496,
            69.8927750200262,
            86.64871608973787,
            60.03332407921454,
            60.207972893961475,
            64.00781202322104
        ],
        [
            47.53945729601885,
            29.206163733020468,
            19.79898987322333,
            48.104053883222775,
            57.48912940721924,
            27.202941017470888,
            25.238858928247925,
            45.09988913511872,
            65.5133574166368,
            56.142675390472796,
            0.0,
            62.96824596572466,
            16.1245154965971,
            23.40939982143925,
            30.265491900843113,
            50.15974481593781,
            37.8549864614954,
            30.364452901377952,
            95.67131231461184,
            28.0178514522438,
            35.4400902933387,
            41.43669871020132,
            29.154759474226502,
            37.21558813185679,
            51.97114584074513,
            75.0,
            79.88116173416608,
            68.3593446428504,
            80.52949770115296,
            75.96051605933177,
            72.00694410957877,
            84.11896337925236,
            77.38862965578342,
            41.23105625617661,
            61.741396161732524,
            88.41379982785493,
            65.0
        ],
        [
            70.43436661176133,
            55.60575509783138,
            48.093658625644196,
            54.378304497290095,
            100.56838469419701,
            88.23264701911646,
            83.05419917138447,
            85.7962703152066,
            25.079872407968907,
            16.15549442140351,
            62.96824596572466,
            0.0,
            51.62363799656123,
            77.38862965578342,
            35.34119409414458,
            70.80254232723568,
            72.24956747275377,
            38.58756276314948,
            83.00602387778854,
            39.319206502675,
            28.0178514522438,
            69.31089380465383,
            76.32168761236873,
            29.154759474226502,
            23.706539182259394,
            56.0357029044876,
            78.85429601486528,
            18.973665961010276,
            85.44003745317531,
            93.47192091746055,
            70.3420215802759,
            87.80091115700337,
            86.03487664894976,
            97.94386147176351,
            76.05918747922567,
            75.0066663703967,
            80.06247560499239
        ],
        [
            36.22154055254967,
            15.524174696260024,
            22.0,
            33.015148038438355,
            55.072679252057455,
            36.87817782917155,
            41.340053217188775,
            40.718546143004666,
            50.35871324805669,
            42.190046219457976,
            16.1245154965971,
            51.62363799656123,
            0.0,
            26.076809620810597,
            16.492422502470642,
            38.47076812334269,
            29.614185789921695,
            15.033296378372908,
            80.60397012554654,
            25.632011235952593,
            26.90724809414742,
            31.0,
            27.018512172212592,
            23.345235059857504,
            37.05401462729781,
            59.033888572581766,
            65.76473218982953,
            54.00925846556311,
            67.4166151627327,
            65.37583651472461,
            57.4543296888929,
            70.9365914038728,
            64.8459713474939,
            46.647615158762406,
            49.47726750741192,
            73.10950690573696,
            53.150729063673246
        ],
        [
            34.058772731852805,
            26.019223662515376,
            42.190046219457976,
            43.01162633521314,
            34.36568055487916,
            15.231546211727817,
            38.27531841800928,
            23.53720459187964,
            72.44308110509934,
            66.48308055437865,
            23.40939982143925,
            77.38862965578342,
            26.076809620810597,
            0.0,
            42.04759208325728,
            36.87817782917155,
            21.93171219946131,
            39.21734310225516,
            86.83893136145792,
            49.040799340956916,
            52.80151512977634,
            27.80287754891569,
            8.602325267042627,
            48.46648326421054,
            60.207972893961475,
            71.78439941937245,
            68.8839603971781,
            77.46612162745726,
            67.20863039818622,
            58.66856057549052,
            62.68173577685928,
            70.76722405181653,
            63.12685640834652,
            20.591260281974,
            48.08326112068523,
            80.77747210701756,
            50.32891812864648
        ],
        [
            41.7612260356422,
            22.47220505424423,
            24.08318915758459,
            31.144823004794873,
            67.47592163134935,
            53.36665625650534,
            54.08326913195984,
            52.630789467763066,
            35.4400902933387,
            26.0,
            30.265491900843113,
            35.34119409414458,
            16.492422502470642,
            42.04759208325728,
            0.0,
            43.174066289845804,
            39.66106403010388,
            5.0990195135927845,
            75.58438992278762,
            21.18962010041709,
            14.560219778561036,
            38.48376280978771,
            41.400483088968905,
            7.0,
            21.840329667841555,
            50.80354318352215,
            63.788713735268246,
            38.118237105091836,
            67.47592163134935,
            69.58448102845921,
            54.817880294662984,
            70.71067811865476,
            66.06814663663572,
            62.609903369994115,
            52.15361924162119,
            67.53517601961218,
            56.22277118748239
        ],
        [
            2.8284271247461903,
            23.08679276123039,
            60.29925372672534,
            17.029386365926403,
            34.48187929913333,
            51.61395160225576,
            72.67048919609665,
            23.021728866442675,
            54.405882034941776,
            55.31726674375732,
            50.15974481593781,
            70.80254232723568,
            38.47076812334269,
            36.87817782917155,
            43.174066289845804,
            0.0,
            15.0,
            38.07886552931954,
            50.24937810560445,
            62.07253821135398,
            57.723478758647246,
            9.219544457292887,
            28.600699292150182,
            45.31004303683677,
            47.50789408087881,
            40.01249804748511,
            32.01562118716424,
            61.84658438426491,
            30.805843601498726,
            27.018512172212592,
            26.40075756488817,
            34.40930106817051,
            27.294688127912362,
            48.08326112068523,
            11.661903789690601,
            44.77722635447622,
            14.866068747318506
        ],
        [
            12.206555615733702,
            17.204650534085253,
            51.35172830587107,
            25.079872407968907,
            28.319604517012593,
            36.61966684720111,
            58.66856057549052,
            13.601470508735444,
            60.53924347066124,
            58.249463516842795,
            37.8549864614954,
            72.24956747275377,
            29.614185789921695,
            21.93171219946131,
            39.66106403010388,
            15.0,
            0.0,
            35.0,
            65.19202405202648,
            55.08175741568164,
            53.71219600798314,
            6.324555320336759,
            13.601470508735444,
            43.93176527297759,
            50.774009099144415,
            52.61178575186362,
            47.01063709417264,
            67.08203932499369,
            45.34313619501854,
            38.27531841800928,
            41.182520563948,
            48.91829923454004,
            41.400483088968905,
            34.36568055487916,
            26.1725046566048,
            59.481089431852205,
            28.600699292150182
        ],
        [
            36.68787265568828,
            17.804493814764857,
            27.459060435491963,
            26.30589287593181,
            63.0317380372777,
            51.478150704935004,
            55.036351623268054,
            48.16637831516918,
            35.35533905932738,
            27.459060435491963,
            30.364452901377952,
            38.58756276314948,
            15.033296378372908,
            39.21734310225516,
            5.0990195135927845,
            38.07886552931954,
            35.0,
            0.0,
            71.58910531638176,
            25.709920264364882,
            19.6468827043885,
            33.54101966249684,
            37.73592452822641,
            9.433981132056603,
            22.02271554554524,
            47.50789408087881,
            59.20304046246274,
            39.05124837953327,
            62.64982043070834,
            64.4980619863884,
            50.28916384272063,
            65.92419889539804,
            61.1310068623117,
            59.61543424315552,
            47.095647357266465,
            63.631753079732135,
            51.15662224971465
        ],
        [
            53.0,
            66.52818951391959,
            98.97979591815695,
            47.634021455258214,
            77.6659513557904,
            101.78899744078434,
            120.21647141718975,
            71.30918594402827,
            58.008620049092706,
            68.3593446428504,
            95.67131231461184,
            83.00602387778854,
            80.60397012554654,
            86.83893136145792,
            75.58438992278762,
            50.24937810560445,
            65.19202405202648,
            71.58910531638176,
            0.0,
            96.66436778875658,
            86.97700845625813,
            59.07622195096772,
            78.77182237323191,
            72.80109889280519,
            63.150613615387776,
            27.16615541441225,
            18.973665961010276,
            65.19202405202648,
            25.019992006393608,
            42.01190307520001,
            24.20743687382041,
            23.08679276123039,
            30.066592756745816,
            97.57561170702442,
            40.311288741492746,
            8.246211251235321,
            39.84971769034255
        ],
        [
            60.207972893961475,
            39.319206502675,
            9.219544457292887,
            51.97114584074513,
            80.49844718999243,
            55.21775076911409,
            44.04543109109048,
            66.30987860040162,
            50.80354318352215,
            38.58756276314948,
            28.0178514522438,
            39.319206502675,
            25.632011235952593,
            49.040799340956916,
            21.18962010041709,
            62.07253821135398,
            55.08175741568164,
            25.709920264364882,
            96.66436778875658,
            0.0,
            12.529964086141668,
            55.731499172371095,
            51.97114584074513,
            24.413111231467404,
            38.2099463490856,
            71.34423592694787,
            84.8999411071645,
            50.53711507397311,
            88.28363381737297,
            89.02246907382428,
            75.96051605933177,
            91.59148432032315,
            86.57944328765345,
            68.59300255857006,
            72.06247289678588,
            88.56635930193812,
            76.02631123499285
        ],
        [
            56.32051136131489,
            36.6742416417845,
            20.396078054371138,
            45.01110973970759,
            81.02468759581859,
            61.741396161732524,
            55.14526271584895,
            66.2872536767062,
            38.41874542459709,
            26.076809620810597,
            35.4400902933387,
            28.0178514522438,
            26.90724809414742,
            52.80151512977634,
            14.560219778561036,
            57.723478758647246,
            53.71219600798314,
            19.6468827043885,
            86.97700845625813,
            12.529964086141668,
            0.0,
            52.92447448959697,
            53.75872022286245,
            14.317821063276353,
            26.248809496813376,
            60.83584469702052,
            76.79192665899195,
            38.01315561749642,
            81.09870529176159,
            84.01190391843289,
            67.7421582177598,
            84.2140130857092,
            80.00624975587844,
            73.23933369440222,
            66.48308055437865,
            78.77182237323191,
            70.57619995437555
        ],
        [
            6.4031242374328485,
            16.492422502470642,
            53.0,
            19.4164878389476,
            31.906112267087632,
            42.720018726587654,
            63.51377803280167,
            18.027756377319946,
            55.90169943749474,
            54.67174773134658,
            41.43669871020132,
            69.31089380465383,
            31.0,
            27.80287754891569,
            38.48376280978771,
            9.219544457292887,
            6.324555320336759,
            33.54101966249684,
            59.07622195096772,
            55.731499172371095,
            52.92447448959697,
            0.0,
            19.72308292331602,
            41.88078318274385,
            47.01063709417264,
            46.389654018972806,
            41.10960958218893,
            62.76941930590086,
            40.0,
            34.713109915419565,
            34.9857113690718,
            43.60045871318328,
            36.359317925395686,
            40.607881008493905,
            20.808652046684813,
            53.23532661682466,
            23.706539182259394
        ],
        [
            25.80697580112788,
            21.840329667841555,
            46.238512086787566,
            36.49657518178932,
            28.792360097775937,
            23.021728866442675,
            46.61544808322666,
            16.0,
            68.65857557508748,
            64.07807737440318,
            29.154759474226502,
            76.32168761236873,
            27.018512172212592,
            8.602325267042627,
            41.400483088968905,
            28.600699292150182,
            13.601470508735444,
            37.73592452822641,
            78.77182237323191,
            51.97114584074513,
            53.75872022286245,
            19.72308292331602,
            0.0,
            47.16990566028302,
            57.245087125446844,
            65.0,
            60.60528029800704,
            74.33034373659252,
            58.69412236331676,
            50.11985634456667,
            54.70831746635972,
            62.24146527838174,
            54.56189146281496,
            23.194827009486403,
            39.6232255123179,
            72.94518489934754,
            41.773197148410844
        ],
        [
            44.28317965096906,
            26.870057685088806,
            29.206163733020468,
            31.25699921617557,
            72.13875518748573,
            60.207972893961475,
            60.728905802755904,
            57.28001396647874,
            28.792360097775937,
            19.0,
            37.21558813185679,
            29.154759474226502,
            23.345235059857504,
            48.46648326421054,
            7.0,
            45.31004303683677,
            43.93176527297759,
            9.433981132056603,
            72.80109889280519,
            24.413111231467404,
            14.317821063276353,
            41.88078318274385,
            47.16990566028302,
            0.0,
            15.231546211727817,
            47.01063709417264,
            62.51399843235114,
            31.144823004794873,
            67.00746227100382,
            70.83078426785913,
            53.46026561849464,
            70.06425622241343,
            66.12110101926616,
            68.94200461257273,
            53.150729063673246,
            64.62197768561404,
            57.271284253105414
        ],
        [
            47.38143096192854,
            35.4682957019364,
            44.10215414239989,
            30.805843601498726,
            78.81624198095213,
            73.24616030891995,
            75.8946638440411,
            64.35060217278468,
            13.601470508735444,
            7.810249675906654,
            51.97114584074513,
            23.706539182259394,
            37.05401462729781,
            60.207972893961475,
            21.840329667841555,
            47.50789408087881,
            50.774009099144415,
            22.02271554554524,
            63.150613615387776,
            38.2099463490856,
            26.248809496813376,
            47.01063709417264,
            57.245087125446844,
            15.231546211727817,
            0.0,
            36.138621999185304,
            56.32051136131489,
            17.26267650163207,
            62.369864518050704,
            69.77822009767804,
            47.51841748206689,
            64.93843238021688,
            62.6418390534633,
            80.0812087820857,
            52.354560450833695,
            54.91812087098393,
            56.356011214421486
        ],
        [
            42.01190307520001,
            47.41307836451879,
            74.81310045707235,
            28.792360097775937,
            73.824115301167,
            86.97700845625813,
            100.20977996183805,
            63.0,
            31.25699921617557,
            41.19465984809196,
            75.0,
            56.0357029044876,
            59.033888572581766,
            71.78439941937245,
            50.80354318352215,
            40.01249804748511,
            52.61178575186362,
            47.50789408087881,
            27.16615541441225,
            71.34423592694787,
            60.83584469702052,
            46.389654018972806,
            65.0,
            47.01063709417264,
            36.138621999185304,
            0.0,
            25.80697580112788,
            38.8329756778952,
            34.058772731852805,
            48.010415536631214,
            20.0,
            35.22782990761707,
            36.796738985948195,
            86.97700845625813,
            35.73513677041127,
            19.026297590440446,
            38.07886552931954
        ],
        [
            34.828149534535996,
            50.774009099144415,
            85.7962703152066,
            33.24154027718932,
            58.855755878248644,
            83.60023923410746,
            103.71113729971339,
            52.392747589718944,
            55.362442142665635,
            62.96824596572466,
            79.88116173416608,
            78.85429601486528,
            65.76473218982953,
            68.8839603971781,
            63.788713735268246,
            32.01562118716424,
            47.01063709417264,
            59.20304046246274,
            18.973665961010276,
            84.8999411071645,
            76.79192665899195,
            41.10960958218893,
            60.60528029800704,
            62.51399843235114,
            56.32051136131489,
            25.80697580112788,
            0.0,
            63.324560795950255,
            8.602325267042627,
            25.0,
            9.055385138137417,
            9.433981132056603,
            12.649110640673518,
            78.7210264160726,
            21.470910553583888,
            16.1245154965971,
            20.8806130178211
        ],
        [
            62.20128616033595,
            52.49761899362675,
            57.9396237474839,
            44.82186966202994,
            94.66784036831093,
            90.44888059008801,
            91.44397191723465,
            80.52949770115296,
            8.06225774829855,
            12.36931687685298,
            68.3593446428504,
            18.973665961010276,
            54.00925846556311,
            77.46612162745726,
            38.118237105091836,
            61.84658438426491,
            67.08203932499369,
            39.05124837953327,
            65.19202405202648,
            50.53711507397311,
            38.01315561749642,
            62.76941930590086,
            74.33034373659252,
            31.144823004794873,
            17.26267650163207,
            38.8329756778952,
            63.324560795950255,
            0.0,
            70.68238818828917,
            81.02468759581859,
            55.46169849544819,
            72.61542535852834,
            72.069410986909,
            97.26767191621273,
            64.53681120105021,
            57.42821606144492,
            68.24954212300622
        ],
        [
            33.60059523282288,
            52.0,
            88.32326986700618,
            36.345563690772494,
            53.16013544000805,
            81.39410298049853,
            103.46980235798269,
            48.54894437575342,
            62.64982043070834,
            69.3757882838098,
            80.52949770115296,
            85.44003745317531,
            67.4166151627327,
            67.20863039818622,
            67.47592163134935,
            30.805843601498726,
            45.34313619501854,
            62.64982043070834,
            25.019992006393608,
            88.28363381737297,
            81.09870529176159,
            40.0,
            58.69412236331676,
            67.00746227100382,
            62.369864518050704,
            34.058772731852805,
            8.602325267042627,
            70.68238818828917,
            0.0,
            17.11724276862369,
            15.231546211727817,
            3.605551275463989,
            5.0990195135927845,
            74.94664769020693,
            19.209372712298546,
            24.041630560342615,
            17.029386365926403
        ],
        [
            29.154759474226502,
            50.08991914547278,
            87.28115489611719,
            39.84971769034255,
            38.01315561749642,
            71.40028011149536,
            96.60745312862771,
            36.87817782917155,
            73.00684899377592,
            77.3692445355388,
            75.96051605933177,
            93.47192091746055,
            65.37583651472461,
            58.66856057549052,
            69.58448102845921,
            27.018512172212592,
            38.27531841800928,
            64.4980619863884,
            42.01190307520001,
            89.02246907382428,
            84.01190391843289,
            34.713109915419565,
            50.11985634456667,
            70.83078426785913,
            69.77822009767804,
            48.010415536631214,
            25.0,
            81.02468759581859,
            17.11724276862369,
            0.0,
            28.0178514522438,
            19.026297590440446,
            12.36931687685298,
            62.369864518050704,
            17.72004514666935,
            41.0,
            13.601470508735444
        ],
        [
            29.068883707497267,
            42.80186911806539,
            77.07788269017254,
            24.596747752497688,
            57.0087712549569,
            77.69813382572325,
            96.26006440887103,
            48.507731342539614,
            47.4236228055175,
            54.3415126767741,
            72.00694410957877,
            70.3420215802759,
            57.4543296888929,
            62.68173577685928,
            54.817880294662984,
            26.40075756488817,
            41.182520563948,
            50.28916384272063,
            24.20743687382041,
            75.96051605933177,
            67.7421582177598,
            34.9857113690718,
            54.70831746635972,
            53.46026561849464,
            47.51841748206689,
            20.0,
            9.055385138137417,
            55.46169849544819,
