{
    "Number_of_customers": 35,
    "customer_1": {
        "coordinates": {
            "x": 1.0,
            "y": 49.0
        },
        "demand": 1.0
    },
    "customer_10": {
        "coordinates": {
            "x": 23.0,
            "y": 13.0
        },
        "demand": 23.0
    },
    "customer_11": {
        "coordinates": {
            "x": 19.0,
            "y": 47.0
        },
        "demand": 12.0
    },
    "customer_12": {
        "coordinates": {
            "x": 57.0,
            "y": 63.0
        },
        "demand": 21.0
    },
    "customer_13": {
        "coordinates": {
            "x": 5.0,
            "y": 95.0
        },
        "demand": 2.0
    },
    "customer_14": {
        "coordinates": {
            "x": 65.0,
            "y": 43.0
        },
        "demand": 14.0
    },
    "customer_15": {
        "coordinates": {
            "x": 69.0,
            "y": 1.0
        },
        "demand": 9.0
    },
    "customer_16": {
        "coordinates": {
            "x": 3.0,
            "y": 25.0
        },
        "demand": 10.0
    },
    "customer_17": {
        "coordinates": {
            "x": 19.0,
            "y": 91.0
        },
        "demand": 4.0
    },
    "customer_18": {
        "coordinates": {
            "x": 21.0,
            "y": 81.0
        },
        "demand": 19.0
    },
    "customer_19": {
        "coordinates": {
            "x": 67.0,
            "y": 91.0
        },
        "demand": 2.0
    },
    "customer_2": {
        "coordinates": {
            "x": 87.0,
            "y": 25.0
        },
        "demand": 14.0
    },
    "customer_20": {
        "coordinates": {
            "x": 41.0,
            "y": 23.0
        },
        "demand": 20.0
    },
    "customer_21": {
        "coordinates": {
            "x": 19.0,
            "y": 75.0
        },
        "demand": 15.0
    },
    "customer_22": {
        "coordinates": {
            "x": 15.0,
            "y": 79.0
        },
        "demand": 11.0
    },
    "customer_23": {
        "coordinates": {
            "x": 79.0,
            "y": 47.0
        },
        "demand": 6.0
    },
    "customer_24": {
        "coordinates": {
            "x": 19.0,
            "y": 65.0
        },
        "demand": 13.0
    },
    "customer_25": {
        "coordinates": {
            "x": 27.0,
            "y": 49.0
        },
        "demand": 19.0
    },
    "customer_26": {
        "coordinates": {
            "x": 29.0,
            "y": 17.0
        },
        "demand": 13.0
    },
    "customer_27": {
        "coordinates": {
            "x": 25.0,
            "y": 65.0
        },
        "demand": 8.0
    },
    "customer_28": {
        "coordinates": {
            "x": 59.0,
            "y": 51.0
        },
        "demand": 15.0
    },
    "customer_29": {
        "coordinates": {
            "x": 27.0,
            "y": 95.0
        },
        "demand": 18.0
    },
    "customer_3": {
        "coordinates": {
            "x": 69.0,
            "y": 65.0
        },
        "demand": 15.0
    },
    "customer_30": {
        "coordinates": {
            "x": 21.0,
            "y": 91.0
        },
        "demand": 11.0
    },
    "customer_31": {
        "coordinates": {
            "x": 61.0,
            "y": 83.0
        },
        "demand": 21.0
    },
    "customer_32": {
        "coordinates": {
            "x": 15.0,
            "y": 83.0
        },
        "demand": 12.0
    },
    "customer_33": {
        "coordinates": {
            "x": 31.0,
            "y": 87.0
        },
        "demand": 2.0
    },
    "customer_34": {
        "coordinates": {
            "x": 71.0,
            "y": 41.0
        },
        "demand": 23.0
    },
    "customer_35": {
        "coordinates": {
            "x": 91.0,
            "y": 21.0
        },
        "demand": 11.0
    },
    "customer_4": {
        "coordinates": {
            "x": 93.0,
            "y": 91.0
        },
        "demand": 11.0
    },
    "customer_5": {
        "coordinates": {
            "x": 33.0,
            "y": 31.0
        },
        "demand": 18.0
    },
    "customer_6": {
        "coordinates": {
            "x": 71.0,
            "y": 61.0
        },
        "demand": 2.0
    },
    "customer_7": {
        "coordinates": {
            "x": 29.0,
            "y": 9.0
        },
        "demand": 22.0
    },
    "customer_8": {
        "coordinates": {
            "x": 93.0,
            "y": 7.0
        },
        "demand": 7.0
    },
    "customer_9": {
        "coordinates": {
            "x": 55.0,
            "y": 47.0
        },
        "demand": 18.0
    },
    "depart": {
        "coordinates": {
            "x": 15.0,
            "y": 19.0
        },
        "demand": 0.0
    },
    "distance_matrix": [
        [
            0.0,
            33.1058907144937,
            72.24956747275377,
            70.9365914038728,
            106.15083607772479,
            21.633307652783937,
            70.0,
            17.204650534085253,
            78.91767862779544,
            48.82622246293481,
            10.0,
            28.284271247461902,
            60.8276253029822,
            76.6550715869472,
            55.46169849544819,
            56.92099788303083,
            13.416407864998739,
            72.11102550927978,
            62.289646009589745,
            88.81441324469807,
            26.30589287593181,
            56.142675390472796,
            60.0,
            69.85699678629192,
            46.17358552246078,
            32.31098884280702,
            14.142135623730951,
            47.07440918375928,
            54.405882034941776,
            76.94153624668537,
            72.24956747275377,
            78.81624198095213,
            64.0,
            69.85699678629192,
            60.166435825965294,
            76.02631123499285
        ],
        [
            33.1058907144937,
            0.0,
            89.28605714219886,
            69.85699678629192,
            101.13357503816425,
            36.71511950137164,
            71.02112361825881,
            48.82622246293481,
            101.13357503816425,
            54.037024344425184,
            42.190046219457976,
            18.110770276274835,
            57.723478758647246,
            46.17358552246078,
            64.28063471995279,
            83.23460818673925,
            24.08318915758459,
            45.69463863518345,
            37.73592452822641,
            78.23042886243178,
            47.70744176750625,
            31.622776601683793,
            33.1058907144937,
            78.02563681252464,
            24.08318915758459,
            26.0,
            42.5205832509386,
            28.844410203711913,
            58.034472514187634,
            52.839379254491625,
            46.51881339845203,
            68.96375859826666,
            36.76955262170047,
            48.41487374764082,
            70.45565981523414,
            94.25497334358543
        ],
        [
            72.24956747275377,
            89.28605714219886,
            0.0,
            43.86342439892262,
            66.27216610312357,
            54.3323108288245,
            39.395431207184416,
            60.166435825965294,
            18.973665961010276,
            38.8329756778952,
            65.11528238439882,
            71.47027354082255,
            48.41487374764082,
            107.81465577554843,
            28.42534080710379,
            30.0,
            84.0,
            94.76286192385707,
            86.55634003352961,
            68.96375859826666,
            46.04345773288535,
            84.40379138403677,
            90.0,
            23.40939982143925,
            78.89233169326408,
            64.62197768561404,
            58.54912467321779,
            73.78346698278686,
            38.2099463490856,
            92.19544457292888,
            93.33809511662427,
            63.56099432828282,
            92.45539465060976,
            83.54639429682169,
            22.627416997969522,
            5.656854249492381
        ],
        [
            70.9365914038728,
            69.85699678629192,
            43.86342439892262,
            0.0,
            35.38361202590826,
            49.51767361255979,
            4.47213595499958,
            68.81860213634101,
            62.76941930590086,
            22.80350850198276,
            69.42621983083913,
            53.14132102234569,
            12.165525060596439,
            70.68238818828917,
            22.360679774997898,
            64.0,
            77.17512552629896,
            56.356011214421486,
            50.59644256269407,
            26.076809620810597,
            50.47771785649585,
            50.99019513592785,
            55.78530272392541,
            20.591260281974,
            50.0,
            44.94441010848846,
            62.48199740725323,
            44.0,
            17.204650534085253,
            51.61395160225576,
            54.589376255824725,
            19.697715603592208,
            56.92099788303083,
            43.9089968002003,
            24.08318915758459,
            49.193495504995376
        ],
        [
            106.15083607772479,
            101.13357503816425,
            66.27216610312357,
            35.38361202590826,
            0.0,
            84.8528137423857,
            37.20215047547655,
            104.01922899156675,
            84.0,
            58.137767414994535,
            104.80458005259122,
            86.09297300012354,
            45.60701700396552,
            88.09086218218096,
            55.569775957799216,
            93.14504817756014,
            111.60645142642964,
            74.0,
            72.69112738154499,
            26.0,
            85.60373823613078,
            75.7099729229908,
            78.91767862779544,
            46.17358552246078,
            78.43468620451031,
            78.23042886243178,
            97.83659846908007,
            72.80109889280519,
            52.49761899362675,
            66.12110101926616,
            72.0,
            32.984845004941285,
            78.40918313565064,
            62.12889826803627,
            54.62600113499065,
            70.02856560004639
        ],
        [
            21.633307652783937,
            36.71511950137164,
            54.3323108288245,
            49.51767361255979,
            84.8528137423857,
            0.0,
            48.41487374764082,
            22.360679774997898,
            64.62197768561404,
            27.202941017470888,
            20.591260281974,
            21.2602916254693,
            40.0,
            69.85699678629192,
            34.17601498127012,
            46.861498055439924,
            30.59411708155671,
            61.61168720299745,
            51.419840528729765,
            68.96375859826666,
            11.313708498984761,
            46.17358552246078,
            51.264022471905186,
            48.703182647543684,
            36.76955262170047,
            18.973665961010276,
            14.560219778561036,
            34.92849839314596,
            32.802438933713454,
            64.28063471995279,
            61.18823416311342,
            59.0592922409336,
            55.02726596879042,
            56.0357029044876,
            39.293765408777,
            58.855755878248644
        ],
        [
            70.0,
            71.02112361825881,
            39.395431207184416,
            4.47213595499958,
            37.20215047547655,
            48.41487374764082,
            0.0,
            66.84309986827361,
            58.309518948453004,
            21.2602916254693,
            67.88225099390856,
            53.85164807134504,
            14.142135623730951,
            74.24284477308234,
            18.973665961010276,
            60.03332407921454,
            76.94153624668537,
            60.03332407921454,
            53.85164807134504,
            30.265491900843113,
            48.41487374764082,
            53.85164807134504,
            58.82176467941097,
            16.1245154965971,
            52.15361924162119,
            45.60701700396552,
            60.8276253029822,
            46.17358552246078,
            15.620499351813308,
            55.60575509783138,
            58.309518948453004,
            24.166091947189145,
            60.166435825965294,
            47.70744176750625,
            20.0,
            44.721359549995796
        ],
        [
            17.204650534085253,
            48.82622246293481,
            60.166435825965294,
            68.81860213634101,
            104.01922899156675,
            22.360679774997898,
            66.84309986827361,
            0.0,
            64.03124237432849,
            46.04345773288535,
            7.211102550927978,
            39.293765408777,
            60.8276253029822,
            89.28605714219886,
            49.51767361255979,
            40.792156108742276,
            30.528675044947494,
            82.60750571225353,
            72.44308110509934,
            90.37698822156003,
            18.439088914585774,
            66.75327707311455,
            71.386273190299,
            62.80127387243033,
            56.88585061331157,
            40.049968789001575,
            8.0,
            56.142675390472796,
            51.61395160225576,
            86.02325267042627,
            82.38931969618392,
            80.62257748298549,
            75.31268153505093,
            78.02563681252464,
            52.80151512977634,
            63.150613615387776
        ],
        [
            78.91767862779544,
            101.13357503816425,
            18.973665961010276,
            62.76941930590086,
            84.0,
            64.62197768561404,
            58.309518948453004,
            64.03124237432849,
            0.0,
            55.17245689653489,
            70.25667228100119,
            84.11896337925236,
            66.57326790837296,
            124.45079348883236,
            45.60701700396552,
            24.73863375370596,
            91.78235124467012,
            111.94641575325224,
            103.24727599312246,
            87.93179174792243,
            54.405882034941776,
            100.4987562112089,
            106.15083607772479,
            42.37924020083418,
            94.02127418834527,
            78.23042886243178,
            64.77653896280658,
            89.37561188601732,
            55.60575509783138,
            110.0,
            110.63453348751464,
            82.46211251235322,
            108.90362712049586,
            101.21264743103995,
            40.496913462633174,
            14.142135623730951
        ],
        [
            48.82622246293481,
            54.037024344425184,
            38.8329756778952,
            22.80350850198276,
            58.137767414994535,
            27.202941017470888,
            21.2602916254693,
            46.04345773288535,
            55.17245689653489,
            0.0,
            46.69047011971501,
            36.0,
            16.1245154965971,
            69.31089380465383,
            10.770329614269007,
            48.08326112068523,
            56.462376853972415,
            56.85068161420758,
            48.08326112068523,
            45.60701700396552,
            27.784887978899608,
            45.60701700396552,
            51.22499389946279,
            24.0,
            40.24922359499622,
            28.071337695236398,
            39.698866482558415,
            34.9857113690718,
            5.656854249492381,
            55.569775957799216,
            55.60575509783138,
            36.49657518178932,
            53.81449618829484,
            46.647615158762406,
            17.08800749063506,
            44.40720662234904
        ],
        [
            10.0,
            42.190046219457976,
            65.11528238439882,
            69.42621983083913,
            104.80458005259122,
            20.591260281974,
            67.88225099390856,
            7.211102550927978,
            70.25667228100119,
            46.69047011971501,
            0.0,
            34.23448553724738,
            60.4648658313239,
            83.95236744726142,
            51.61395160225576,
            47.53945729601885,
            23.323807579381203,
            78.10249675906654,
            68.0294054067798,
            89.55445270895244,
            20.591260281974,
            62.12889826803627,
            66.48308055437865,
            65.5133574166368,
            52.15361924162119,
            36.22154055254967,
            7.211102550927978,
            52.03844732503075,
            52.3450093132096,
            82.09750300709517,
            78.02563681252464,
            79.64923100695951,
            70.45565981523414,
            74.43117626371358,
            55.569775957799216,
            68.46897107449476
        ],
        [
            28.284271247461902,
            18.110770276274835,
            71.47027354082255,
            53.14132102234569,
            86.09297300012354,
            21.2602916254693,
            53.85164807134504,
            39.293765408777,
            84.11896337925236,
            36.0,
            34.23448553724738,
            0.0,
            41.23105625617661,
            50.0,
            46.17358552246078,
            67.94115100585212,
            27.202941017470888,
            44.0,
            34.058772731852805,
            65.11528238439882,
            32.55764119219941,
            28.0,
            32.2490309931942,
            60.0,
            18.0,
            8.246211251235321,
            31.622776601683793,
            18.973665961010276,
            40.19950248448356,
            48.662100242385755,
            44.04543109109048,
            55.31726674375732,
            36.22154055254967,
            41.7612260356422,
            52.3450093132096,
            76.55063683601855
        ],
        [
            60.8276253029822,
            57.723478758647246,
            48.41487374764082,
            12.165525060596439,
            45.60701700396552,
            40.0,
            14.142135623730951,
            60.8276253029822,
            66.57326790837296,
            16.1245154965971,
            60.4648658313239,
            41.23105625617661,
            0.0,
            61.05735008989499,
            21.540659228538015,
            63.150613615387776,
            66.03029607687671,
            47.20169488482379,
            40.24922359499622,
            29.732137494637012,
            43.08131845707603,
            39.84971769034255,
            44.94441010848846,
            27.202941017470888,
            38.05259518088089,
            33.1058907144937,
            53.85164807134504,
            32.0624390837628,
            12.165525060596439,
            43.86342439892262,
            45.60701700396552,
            20.396078054371138,
            46.51881339845203,
            35.38361202590826,
            26.076809620810597,
            54.037024344425184
        ],
        [
            76.6550715869472,
            46.17358552246078,
            107.81465577554843,
            70.68238818828917,
            88.09086218218096,
            69.85699678629192,
            74.24284477308234,
            89.28605714219886,
            124.45079348883236,
            69.31089380465383,
            83.95236744726142,
            50.0,
            61.05735008989499,
            0.0,
            79.39773296511683,
            113.718951806636,
            70.02856560004639,
            14.560219778561036,
            21.2602916254693,
            62.12889826803627,
            80.49844718999243,
            24.413111231467404,
            18.867962264113206,
            88.20430828479978,
            33.1058907144937,
            50.99019513592785,
            81.60882305241266,
            36.05551275463989,
            69.65629906907199,
            22.0,
            16.492422502470642,
            57.271284253105414,
            15.620499351813308,
            27.202941017470888,
            85.27602242131137,
            113.45483682946268
        ],
        [
            55.46169849544819,
            64.28063471995279,
            28.42534080710379,
            22.360679774997898,
            55.569775957799216,
            34.17601498127012,
            18.973665961010276,
            49.51767361255979,
            45.60701700396552,
            10.770329614269007,
            51.61395160225576,
            46.17358552246078,
            21.540659228538015,
            79.39773296511683,
            0.0,
            42.190046219457976,
            64.5600495662759,
            66.48308055437865,
            58.137767414994535,
            48.041648597857254,
            31.240998703626616,
            56.0357029044876,
            61.61168720299745,
            14.560219778561036,
            50.99019513592785,
            38.47076812334269,
            44.40720662234904,
            45.65084884205331,
            10.0,
            64.40496875241847,
            65.11528238439882,
            40.19950248448356,
            64.03124237432849,
            55.60575509783138,
            6.324555320336759,
            34.058772731852805
        ],
        [
            56.92099788303083,
            83.23460818673925,
            30.0,
            64.0,
            93.14504817756014,
            46.861498055439924,
            60.03332407921454,
            40.792156108742276,
            24.73863375370596,
            48.08326112068523,
            47.53945729601885,
            67.94115100585212,
            63.150613615387776,
            113.718951806636,
            42.190046219457976,
            0.0,
            70.22819946431775,
            102.95630140987001,
            93.29523031752481,
            90.02221947941518,
            35.608987629529715,
            89.30845424706443,
            94.86832980505137,
            47.07440918375928,
            81.21576201698781,
            63.7808748764079,
            43.08131845707603,
            77.6659513557904,
            50.99019513592785,
            102.95630140987001,
            102.0,
            82.38931969618392,
            98.18350166906862,
            94.02127418834527,
            40.049968789001575,
            29.732137494637012
        ],
        [
            13.416407864998739,
            24.08318915758459,
            84.0,
            77.17512552629896,
            111.60645142642964,
            30.59411708155671,
            76.94153624668537,
            30.528675044947494,
            91.78235124467012,
            56.462376853972415,
            23.323807579381203,
            27.202941017470888,
            66.03029607687671,
            70.02856560004639,
            64.5600495662759,
            70.22819946431775,
            0.0,
            67.91170738539859,
            58.82176467941097,
            91.93475947648963,
            38.05259518088089,
            52.49761899362675,
            55.31726674375732,
            79.12016177940993,
            43.08131845707603,
            33.94112549695428,
            27.202941017470888,
            45.65084884205331,
            61.741396161732524,
            74.0,
            68.41052550594829,
            82.02438661763951,
            59.22837157984339,
            68.0294054067798,
            69.85699678629192,
            88.09086218218096
        ],
        [
            72.11102550927978,
            45.69463863518345,
            94.76286192385707,
            56.356011214421486,
            74.0,
            61.61168720299745,
            60.03332407921454,
            82.60750571225353,
            111.94641575325224,
            56.85068161420758,
            78.10249675906654,
            44.0,
            47.20169488482379,
            14.560219778561036,
            66.48308055437865,
            102.95630140987001,
            67.91170738539859,
            0.0,
            10.198039027185569,
            48.0,
            71.47027354082255,
            16.0,
            12.649110640673518,
            74.4043009509531,
            26.0,
            42.7551166528639,
            74.67261881037788,
            26.68332812825267,
            56.568542494923804,
            8.94427190999916,
            2.0,
            42.7551166528639,
            8.94427190999916,
            12.649110640673518,
            72.13875518748573,
            100.41912168506553
        ],
        [
            62.289646009589745,
            37.73592452822641,
            86.55634003352961,
            50.59644256269407,
            72.69112738154499,
            51.419840528729765,
            53.85164807134504,
            72.44308110509934,
            103.24727599312246,
            48.08326112068523,
            68.0294054067798,
            34.058772731852805,
            40.24922359499622,
            21.2602916254693,
            58.137767414994535,
            93.29523031752481,
            58.82176467941097,
            10.198039027185569,
            0.0,
            47.07440918375928,
            61.35144660071187,
            6.324555320336759,
            6.324555320336759,
            67.23094525588644,
            16.1245154965971,
            32.55764119219941,
            64.4980619863884,
            16.492422502470642,
            48.41487374764082,
            15.231546211727817,
            10.0,
            40.049968789001575,
            6.324555320336759,
            11.661903789690601,
            64.03124237432849,
            92.19544457292888
        ],
        [
            88.81441324469807,
            78.23042886243178,
            68.96375859826666,
            26.076809620810597,
            26.0,
            68.96375859826666,
            30.265491900843113,
            90.37698822156003,
            87.93179174792243,
            45.60701700396552,
            89.55445270895244,
            65.11528238439882,
            29.732137494637012,
            62.12889826803627,
            48.041648597857254,
            90.02221947941518,
            91.93475947648963,
            48.0,
            47.07440918375928,
            0.0,
            72.80109889280519,
            50.59644256269407,
            53.36665625650534,
            45.60701700396552,
            54.589376255824725,
            58.0,
            83.18653737234169,
            49.39635614091387,
            40.792156108742276,
            40.19950248448356,
            46.0,
            10.0,
            52.61178575186362,
            36.22154055254967,
            50.15974481593781,
            74.0
        ],
        [
            26.30589287593181,
            47.70744176750625,
            46.04345773288535,
            50.47771785649585,
            85.60373823613078,
            11.313708498984761,
            48.41487374764082,
            18.439088914585774,
            54.405882034941776,
            27.784887978899608,
            20.591260281974,
            32.55764119219941,
            43.08131845707603,
            80.49844718999243,
            31.240998703626616,
            35.608987629529715,
            38.05259518088089,
            71.47027354082255,
            61.35144660071187,
            72.80109889280519,
            0.0,
            56.462376853972415,
            61.741396161732524,
            44.94441010848846,
            47.41307836451879,
            29.5296461204668,
            13.416407864998739,
            44.94441010848846,
            33.28663395418648,
            73.348483283569,
            70.8801805866774,
            63.245553203367585,
            65.39113089708727,
            64.77653896280658,
            34.9857113690718,
            50.039984012787215
        ],
        [
            56.142675390472796,
            31.622776601683793,
            84.40379138403677,
            50.99019513592785,
            75.7099729229908,
            46.17358552246078,
            53.85164807134504,
            66.75327707311455,
            100.4987562112089,
            45.60701700396552,
            62.12889826803627,
            28.0,
            39.84971769034255,
            24.413111231467404,
            56.0357029044876,
            89.30845424706443,
            52.49761899362675,
            16.0,
            6.324555320336759,
            50.59644256269407,
            56.462376853972415,
            0.0,
            5.656854249492381,
            66.2117814289874,
            10.0,
            27.202941017470888,
            58.855755878248644,
            11.661903789690601,
            46.647615158762406,
            21.540659228538015,
            16.1245154965971,
            42.7551166528639,
            8.94427190999916,
            16.97056274847714,
            62.12889826803627,
            90.0
        ],
        [
            60.0,
            33.1058907144937,
            90.0,
            55.78530272392541,
            78.91767862779544,
            51.264022471905186,
            58.82176467941097,
            71.386273190299,
            106.15083607772479,
            51.22499389946279,
            66.48308055437865,
            32.2490309931942,
            44.94441010848846,
            18.867962264113206,
            61.61168720299745,
            94.86832980505137,
            55.31726674375732,
            12.649110640673518,
            6.324555320336759,
            53.36665625650534,
            61.741396161732524,
            5.656854249492381,
            0.0,
            71.55417527999327,
            14.560219778561036,
            32.31098884280702,
            63.56099432828282,
            17.204650534085253,
            52.15361924162119,
            20.0,
            13.416407864998739,
            46.17358552246078,
            4.0,
            17.88854381999832,
            67.67569726275453,
            95.60334722173695
        ],
        [
            69.85699678629192,
            78.02563681252464,
            23.40939982143925,
            20.591260281974,
            46.17358552246078,
            48.703182647543684,
            16.1245154965971,
            62.80127387243033,
            42.37924020083418,
            24.0,
            65.5133574166368,
            60.0,
            27.202941017470888,
            88.20430828479978,
            14.560219778561036,
            47.07440918375928,
            79.12016177940993,
            74.4043009509531,
            67.23094525588644,
            45.60701700396552,
            44.94441010848846,
            66.2117814289874,
            71.55417527999327,
            0.0,
            62.6418390534633,
            52.03844732503075,
            58.309518948453004,
            56.92099788303083,
            20.396078054371138,
            70.76722405181653,
            72.80109889280519,
            40.24922359499622,
            73.43023900274328,
            62.48199740725323,
            10.0,
            28.635642126552707
        ],
        [
            46.17358552246078,
            24.08318915758459,
            78.89233169326408,
            50.0,
            78.43468620451031,
            36.76955262170047,
            52.15361924162119,
            56.88585061331157,
            94.02127418834527,
            40.24922359499622,
            52.15361924162119,
            18.0,
            38.05259518088089,
            33.1058907144937,
            50.99019513592785,
            81.21576201698781,
            43.08131845707603,
            26.0,
            16.1245154965971,
            54.589376255824725,
            47.41307836451879,
            10.0,
            14.560219778561036,
            62.6418390534633,
            0.0,
            17.88854381999832,
            49.03060268852505,
            6.0,
            42.37924020083418,
            31.04834939252005,
            26.076809620810597,
            45.69463863518345,
            18.439088914585774,
            25.059928172283335,
            57.271284253105414,
            84.38009243891595
        ],
        [
            32.31098884280702,
            26.0,
            64.62197768561404,
            44.94441010848846,
            78.23042886243178,
            18.973665961010276,
            45.60701700396552,
            40.049968789001575,
            78.23042886243178,
            28.071337695236398,
            36.22154055254967,
            8.246211251235321,
            33.1058907144937,
            50.99019513592785,
            38.47076812334269,
            63.7808748764079,
            33.94112549695428,
            42.7551166528639,
            32.55764119219941,
            58.0,
            29.5296461204668,
            27.202941017470888,
            32.31098884280702,
            52.03844732503075,
            17.88854381999832,
            0.0,
            32.0624390837628,
            16.1245154965971,
            32.0624390837628,
            46.0,
            42.42640687119285,
            48.08326112068523,
            36.05551275463989,
            38.2099463490856,
            44.721359549995796,
            69.85699678629192
        ],
        [
            14.142135623730951,
            42.5205832509386,
            58.54912467321779,
            62.48199740725323,
            97.83659846908007,
            14.560219778561036,
            60.8276253029822,
            8.0,
            64.77653896280658,
            39.698866482558415,
            7.211102550927978,
            31.622776601683793,
            53.85164807134504,
            81.60882305241266,
            44.40720662234904,
            43.08131845707603,
            27.202941017470888,
            74.67261881037788,
            64.4980619863884,
            83.18653737234169,
            13.416407864998739,
            58.855755878248644,
            63.56099432828282,
            58.309518948453004,
            49.03060268852505,
            32.0624390837628,
            0.0,
            48.16637831516918,
            45.34313619501854,
            78.02563681252464,
            74.43117626371358,
            73.348483283569,
            67.468511173732,
            70.02856560004639,
            48.373546489791295,
            62.12889826803627
        ],
        [
            47.07440918375928,
            28.844410203711913,
            73.78346698278686,
            44.0,
            72.80109889280519,
            34.92849839314596,
            46.17358552246078,
            56.142675390472796,
            89.37561188601732,
            34.9857113690718,
            52.03844732503075,
            18.973665961010276,
            32.0624390837628,
            36.05551275463989,
            45.65084884205331,
            77.6659513557904,
            45.65084884205331,
            26.68332812825267,
            16.492422502470642,
            49.39635614091387,
            44.94441010848846,
            11.661903789690601,
            17.204650534085253,
            56.92099788303083,
            6.0,
            16.1245154965971,
            48.16637831516918,
            0.0,
            36.76955262170047,
            30.066592756745816,
            26.30589287593181,
            40.24922359499622,
            20.591260281974,
            22.80350850198276,
            51.884487084291386,
            79.32212806020776
        ],
        [
            54.405882034941776,
            58.034472514187634,
            38.2099463490856,
            17.204650534085253,
            52.49761899362675,
            32.802438933713454,
            15.620499351813308,
            51.61395160225576,
            55.60575509783138,
            5.656854249492381,
            52.3450093132096,
            40.19950248448356,
            12.165525060596439,
            69.65629906907199,
            10.0,
            50.99019513592785,
            61.741396161732524,
            56.568542494923804,
            48.41487374764082,
            40.792156108742276,
            33.28663395418648,
            46.647615158762406,
            52.15361924162119,
            20.396078054371138,
            42.37924020083418,
            32.0624390837628,
            45.34313619501854,
            36.76955262170047,
            0.0,
            54.405882034941776,
            55.17245689653489,
            32.0624390837628,
            54.405882034941776,
            45.60701700396552,
            15.620499351813308,
            43.86342439892262
        ],
        [
            76.94153624668537,
            52.839379254491625,
            92.19544457292888,
            51.61395160225576,
            66.12110101926616,
            64.28063471995279,
            55.60575509783138,
            86.02325267042627,
            110.0,
            55.569775957799216,
            82.09750300709517,
            48.662100242385755,
            43.86342439892262,
            22.0,
            64.40496875241847,
            102.95630140987001,
            74.0,
            8.94427190999916,
            15.231546211727817,
            40.19950248448356,
            73.348483283569,
            21.540659228538015,
            20.0,
            70.76722405181653,
            31.04834939252005,
            46.0,
            78.02563681252464,
            30.066592756745816,
            54.405882034941776,
            0.0,
            7.211102550927978,
            36.05551275463989,
            16.97056274847714,
            8.94427190999916,
            69.65629906907199,
            97.83659846908007
        ],
        [
            72.24956747275377,
            46.51881339845203,
            93.33809511662427,
            54.589376255824725,
            72.0,
            61.18823416311342,
            58.309518948453004,
            82.38931969618392,
            110.63453348751464,
            55.60575509783138,
            78.02563681252464,
            44.04543109109048,
            45.60701700396552,
            16.492422502470642,
            65.11528238439882,
            102.0,
            68.41052550594829,
            2.0,
            10.0,
            46.0,
            70.8801805866774,
            16.1245154965971,
            13.416407864998739,
            72.80109889280519,
            26.076809620810597,
            42.42640687119285,
            74.43117626371358,
            26.30589287593181,
            55.17245689653489,
            7.211102550927978,
            0.0,
            40.792156108742276,
            10.0,
            10.770329614269007,
            70.71067811865476,
            98.99494936611666
        ],
        [
            78.81624198095213,
            68.96375859826666,
            63.56099432828282,
            19.697715603592208,
            32.984845004941285,
            59.0592922409336,
            24.166091947189145,
            80.62257748298549,
            82.46211251235322,
            36.49657518178932,
            79.64923100695951,
            55.31726674375732,
            20.396078054371138,
            57.271284253105414,
            40.19950248448356,
            82.38931969618392,
            82.02438661763951,
            42.7551166528639,
            40.049968789001575,
            10.0,
            63.245553203367585,
            42.7551166528639,
            46.17358552246078,
            40.24922359499622,
            45.69463863518345,
            48.08326112068523,
            73.348483283569,
            40.24922359499622,
            32.0624390837628,
            36.05551275463989,
            40.792156108742276,
            0.0,
            46.0,
            30.265491900843113,
            43.174066289845804,
            68.87670143089025
        ],
        [
            64.0,
            36.76955262170047,
            92.45539465060976,
            56.92099788303083,
            78.40918313565064,
            55.02726596879042,
            60.166435825965294,
            75.31268153505093,
            108.90362712049586,
            53.81449618829484,
