{
    "Number_of_customers": 38,
    "customer_1": {
        "coordinates": {
            "x": 43.0,
            "y": 19.0
        },
        "demand": 5.0
    },
    "customer_10": {
        "coordinates": {
            "x": 69.0,
            "y": 23.0
        },
        "demand": 16.0
    },
    "customer_11": {
        "coordinates": {
            "x": 31.0,
            "y": 51.0
        },
        "demand": 9.0
    },
    "customer_12": {
        "coordinates": {
            "x": 27.0,
            "y": 27.0
        },
        "demand": 21.0
    },
    "customer_13": {
        "coordinates": {
            "x": 15.0,
            "y": 83.0
        },
        "demand": 3.0
    },
    "customer_14": {
        "coordinates": {
            "x": 7.0,
            "y": 35.0
        },
        "demand": 24.0
    },
    "customer_15": {
        "coordinates": {
            "x": 53.0,
            "y": 25.0
        },
        "demand": 14.0
    },
    "customer_16": {
        "coordinates": {
            "x": 75.0,
            "y": 13.0
        },
        "demand": 6.0
    },
    "customer_17": {
        "coordinates": {
            "x": 47.0,
            "y": 49.0
        },
        "demand": 6.0
    },
    "customer_18": {
        "coordinates": {
            "x": 25.0,
            "y": 33.0
        },
        "demand": 13.0
    },
    "customer_19": {
        "coordinates": {
            "x": 1.0,
            "y": 23.0
        },
        "demand": 5.0
    },
    "customer_2": {
        "coordinates": {
            "x": 79.0,
            "y": 35.0
        },
        "demand": 24.0
    },
    "customer_20": {
        "coordinates": {
            "x": 45.0,
            "y": 11.0
        },
        "demand": 3.0
    },
    "customer_21": {
        "coordinates": {
            "x": 1.0,
            "y": 47.0
        },
        "demand": 3.0
    },
    "customer_22": {
        "coordinates": {
            "x": 93.0,
            "y": 15.0
        },
        "demand": 20.0
    },
    "customer_23": {
        "coordinates": {
            "x": 41.0,
            "y": 9.0
        },
        "demand": 16.0
    },
    "customer_24": {
        "coordinates": {
            "x": 75.0,
            "y": 55.0
        },
        "demand": 22.0
    },
    "customer_25": {
        "coordinates": {
            "x": 3.0,
            "y": 1.0
        },
        "demand": 10.0
    },
    "customer_26": {
        "coordinates": {
            "x": 51.0,
            "y": 67.0
        },
        "demand": 12.0
    },
    "customer_27": {
        "coordinates": {
            "x": 57.0,
            "y": 91.0
        },
        "demand": 20.0
    },
    "customer_28": {
        "coordinates": {
            "x": 21.0,
            "y": 97.0
        },
        "demand": 24.0
    },
    "customer_29": {
        "coordinates": {
            "x": 55.0,
            "y": 13.0
        },
        "demand": 6.0
    },
    "customer_3": {
        "coordinates": {
            "x": 93.0,
            "y": 7.0
        },
        "demand": 3.0
    },
    "customer_30": {
        "coordinates": {
            "x": 3.0,
            "y": 71.0
        },
        "demand": 1.0
    },
    "customer_31": {
        "coordinates": {
            "x": 37.0,
            "y": 19.0
        },
        "demand": 2.0
    },
    "customer_32": {
        "coordinates": {
            "x": 73.0,
            "y": 21.0
        },
        "demand": 13.0
    },
    "customer_33": {
        "coordinates": {
            "x": 19.0,
            "y": 19.0
        },
        "demand": 7.0
    },
    "customer_34": {
        "coordinates": {
            "x": 75.0,
            "y": 73.0
        },
        "demand": 6.0
    },
    "customer_35": {
        "coordinates": {
            "x": 93.0,
            "y": 49.0
        },
        "demand": 24.0
    },
    "customer_36": {
        "coordinates": {
            "x": 41.0,
            "y": 87.0
        },
        "demand": 19.0
    },
    "customer_37": {
        "coordinates": {
            "x": 97.0,
            "y": 73.0
        },
        "demand": 4.0
    },
    "customer_38": {
        "coordinates": {
            "x": 45.0,
            "y": 29.0
        },
        "demand": 7.0
    },
    "customer_4": {
        "coordinates": {
            "x": 13.0,
            "y": 35.0
        },
        "demand": 20.0
    },
    "customer_5": {
        "coordinates": {
            "x": 67.0,
            "y": 13.0
        },
        "demand": 26.0
    },
    "customer_6": {
        "coordinates": {
            "x": 31.0,
            "y": 77.0
        },
        "demand": 23.0
    },
    "customer_7": {
        "coordinates": {
            "x": 81.0,
            "y": 7.0
        },
        "demand": 15.0
    },
    "customer_8": {
        "coordinates": {
            "x": 27.0,
            "y": 49.0
        },
        "demand": 3.0
    },
    "customer_9": {
        "coordinates": {
            "x": 27.0,
            "y": 35.0
        },
        "demand": 20.0
    },
    "depart": {
        "coordinates": {
            "x": 9.0,
            "y": 35.0
        },
        "demand": 0.0
    },
    "distance_matrix": [
        [
            0.0,
            37.57658845611187,
            70.0,
            88.54377448471462,
            4.0,
            62.03224967708329,
            47.41307836451879,
            77.25283166331187,
            22.80350850198276,
            18.0,
            61.18823416311342,
            27.202941017470888,
            19.697715603592208,
            48.373546489791295,
            2.0,
            45.12205669071391,
            69.57010852370435,
            40.496913462633174,
            16.1245154965971,
            14.422205101855956,
            43.266615305567875,
            14.422205101855956,
            86.34813257969161,
            41.23105625617661,
            68.96375859826666,
            34.52535300326414,
            52.80151512977634,
            73.7563556583431,
            63.150613615387776,
            50.99019513592785,
            36.49657518178932,
            32.2490309931942,
            65.5133574166368,
            18.867962264113206,
            76.15773105863909,
            85.15867542417507,
            61.05735008989499,
            95.85405573057407,
            36.49657518178932
        ],
        [
            37.57658845611187,
            0.0,
            39.395431207184416,
            51.419840528729765,
            34.0,
            24.73863375370596,
            59.22837157984339,
            39.84971769034255,
            34.0,
            22.627416997969522,
            26.30589287593181,
            34.17601498127012,
            17.88854381999832,
            69.85699678629192,
            39.395431207184416,
            11.661903789690601,
            32.55764119219941,
            30.265491900843113,
            22.80350850198276,
            42.190046219457976,
            8.246211251235321,
            50.47771785649585,
            50.15974481593781,
            10.198039027185569,
            48.16637831516918,
            43.86342439892262,
            48.662100242385755,
            73.348483283569,
            81.04319835741924,
            13.416407864998739,
            65.60487786742691,
            6.0,
            30.066592756745816,
            24.0,
            62.76941930590086,
            58.309518948453004,
            68.0294054067798,
            76.36753236814714,
            10.198039027185569
        ],
        [
            70.0,
            39.395431207184416,
            0.0,
            31.304951684997057,
            66.0,
            25.059928172283335,
            63.7808748764079,
            28.071337695236398,
            53.85164807134504,
            52.0,
            15.620499351813308,
            50.59644256269407,
            52.61178575186362,
            80.0,
            72.0,
            27.85677655436824,
            22.360679774997898,
            34.92849839314596,
            54.037024344425184,
            78.91767862779544,
            41.617304093369626,
            78.91767862779544,
            24.413111231467404,
            46.04345773288535,
            20.396078054371138,
            83.2586331859946,
            42.5205832509386,
            60.166435825965294,
            84.8999411071645,
            32.55764119219941,
            84.09518416651456,
            44.94441010848846,
            15.231546211727817,
            62.0966987850401,
            38.2099463490856,
            19.79898987322333,
            64.40496875241847,
            42.04759208325728,
            34.52535300326414
        ],
        [
            88.54377448471462,
            51.419840528729765,
            31.304951684997057,
            0.0,
            84.75848040166836,
            26.68332812825267,
            93.50935782048768,
            12.0,
            78.23042886243178,
            71.69379331573968,
            28.844410203711913,
            76.02631123499285,
            68.96375859826666,
            108.90362712049586,
            90.44335243676011,
            43.86342439892262,
            18.973665961010276,
            62.289646009589745,
            72.80109889280519,
            93.38094023943002,
            48.16637831516918,
            100.31948963187563,
            8.0,
            52.03844732503075,
            51.264022471905186,
            90.19977827023745,
            73.23933369440222,
            91.3892772703669,
            115.25623627379127,
            38.47076812334269,
            110.43550153822818,
            57.271284253105414,
            24.413111231467404,
            74.96665925596525,
            68.41052550594829,
            42.0,
            95.4148835350125,
            66.12110101926616,
            52.80151512977634
        ],
        [
            4.0,
            34.0,
            66.0,
            84.75848040166836,
            0.0,
            58.309518948453004,
            45.69463863518345,
            73.53910524340094,
            19.79898987322333,
            14.0,
            57.271284253105414,
            24.08318915758459,
            16.1245154965971,
            48.041648597857254,
            6.0,
            41.23105625617661,
            65.7875368135941,
            36.76955262170047,
            12.165525060596439,
            16.97056274847714,
            40.0,
            16.97056274847714,
            82.46211251235322,
            38.2099463490856,
            65.14598989960932,
            35.4400902933387,
            49.678969393496885,
            71.21797525905943,
            62.51399843235114,
            47.41307836451879,
            37.36308338453881,
            28.844410203711913,
            61.61168720299745,
            17.08800749063506,
            72.71863585079137,
            81.21576201698781,
            59.0592922409336,
            92.19544457292888,
            32.55764119219941
        ],
        [
            62.03224967708329,
            24.73863375370596,
            25.059928172283335,
            26.68332812825267,
            58.309518948453004,
            0.0,
            73.43023900274328,
            15.231546211727817,
            53.81449618829484,
            45.65084884205331,
            10.198039027185569,
            52.3450093132096,
            42.37924020083418,
            87.20091742636656,
            63.90618123468183,
            18.439088914585774,
            8.0,
            41.182520563948,
            46.51881339845203,
            66.75327707311455,
            22.090722034374522,
            74.24284477308234,
            26.076809620810597,
            26.30589287593181,
            42.7551166528639,
            65.11528238439882,
            56.32051136131489,
            78.63841300535,
            95.77055915050303,
            12.0,
            86.37129152675674,
            30.59411708155671,
            10.0,
            48.373546489791295,
            60.530983801686226,
            44.40720662234904,
            78.43468620451031,
            67.08203932499369,
            27.202941017470888
        ],
        [
            47.41307836451879,
            59.22837157984339,
            63.7808748764079,
            93.50935782048768,
            45.69463863518345,
            73.43023900274328,
            0.0,
            86.02325267042627,
            28.284271247461902,
            42.190046219457976,
            66.03029607687671,
            26.0,
            50.15974481593781,
            17.08800749063506,
            48.373546489791295,
            56.462376853972415,
            77.6659513557904,
            32.2490309931942,
            44.40720662234904,
            61.773780845922005,
            67.468511173732,
            42.42640687119285,
            87.68124086713189,
            68.73136110975832,
            49.193495504995376,
            80.99382692526635,
            22.360679774997898,
            29.5296461204668,
            22.360679774997898,
            68.35202996254024,
            28.635642126552707,
            58.309518948453004,
            70.0,
            59.22837157984339,
            44.181444068749045,
            68.0294054067798,
            14.142135623730951,
            66.12110101926616,
            50.0
        ],
        [
            77.25283166331187,
            39.84971769034255,
            28.071337695236398,
            12.0,
            73.53910524340094,
            15.231546211727817,
            86.02325267042627,
            0.0,
            68.41052550594829,
            60.8276253029822,
            20.0,
            66.60330322138685,
            57.584720195551874,
            100.65783625729296,
            79.12016177940993,
            33.28663395418648,
            8.48528137423857,
            54.037024344425184,
            61.741396161732524,
            81.58431221748455,
            36.22154055254967,
            89.44271909999159,
            14.422205101855956,
            40.049968789001575,
            48.373546489791295,
            78.23042886243178,
            67.08203932499369,
            87.36131867136622,
            108.16653826391968,
            26.68332812825267,
            100.89598604503551,
            45.60701700396552,
            16.1245154965971,
            63.150613615387776,
            66.27216610312357,
            43.68065933568311,
            89.44271909999159,
            67.91170738539859,
            42.190046219457976
        ],
        [
            22.80350850198276,
            34.0,
            53.85164807134504,
            78.23042886243178,
            19.79898987322333,
            53.81449618829484,
            28.284271247461902,
            68.41052550594829,
            0.0,
            14.0,
            49.39635614091387,
            4.47213595499958,
            22.0,
            36.05551275463989,
            24.413111231467404,
            35.38361202590826,
            60.0,
            20.0,
            16.1245154965971,
            36.76955262170047,
            42.04759208325728,
            26.076809620810597,
            74.24284477308234,
            42.37924020083418,
            48.373546489791295,
            53.665631459994955,
            30.0,
            51.61395160225576,
            48.373546489791295,
            45.60701700396552,
            32.55764119219941,
            31.622776601683793,
            53.85164807134504,
            31.04834939252005,
            53.665631459994955,
            66.0,
            40.496913462633174,
            74.0,
            26.90724809414742
        ],
        [
            18.0,
            22.627416997969522,
            52.0,
            71.69379331573968,
            14.0,
            45.65084884205331,
            42.190046219457976,
            60.8276253029822,
            14.0,
            0.0,
            43.68065933568311,
            16.492422502470642,
            8.0,
            49.47726750741192,
            20.0,
            27.85677655436824,
            52.80151512977634,
            24.413111231467404,
            2.8284271247461903,
            28.635642126552707,
            30.0,
            28.635642126552707,
            68.96375859826666,
            29.5296461204668,
            52.0,
            41.617304093369626,
            40.0,
            63.52952069707436,
            62.289646009589745,
            35.608987629529715,
            43.266615305567875,
            18.867962264113206,
            48.08326112068523,
            17.88854381999832,
            61.220911460055866,
            67.468511173732,
            53.85164807134504,
            79.64923100695951,
            18.973665961010276
        ],
        [
            61.18823416311342,
            26.30589287593181,
            15.620499351813308,
            28.844410203711913,
            57.271284253105414,
            10.198039027185569,
            66.03029607687671,
            20.0,
            49.39635614091387,
            43.68065933568311,
            0.0,
            47.20169488482379,
            42.190046219457976,
            80.72174428244226,
            63.150613615387776,
            16.1245154965971,
            11.661903789690601,
            34.058772731852805,
            45.12205669071391,
            68.0,
            26.832815729997478,
            72.11102550927978,
            25.298221281347036,
            31.304951684997057,
            32.55764119219941,
            69.57010852370435,
            47.53945729601885,
            69.05070600652827,
            88.20430828479978,
            17.204650534085253,
            81.60882305241266,
            32.2490309931942,
            4.47213595499958,
            50.15974481593781,
            50.35871324805669,
            35.38361202590826,
            69.85699678629192,
            57.30619512757761,
            24.73863375370596
        ],
        [
            27.202941017470888,
            34.17601498127012,
            50.59644256269407,
            76.02631123499285,
            24.08318915758459,
            52.3450093132096,
            26.0,
            66.60330322138685,
            4.47213595499958,
            16.492422502470642,
            47.20169488482379,
            0.0,
            24.331050121192877,
            35.77708763999664,
            28.844410203711913,
            34.058772731852805,
            58.137767414994535,
            16.1245154965971,
            18.973665961010276,
            41.036569057366385,
            42.37924020083418,
            30.265491900843113,
            71.69379331573968,
            43.174066289845804,
            44.181444068749045,
            57.30619512757761,
            25.612496949731394,
            47.70744176750625,
            47.07440918375928,
            44.94441010848846,
            34.40930106817051,
            32.55764119219941,
            51.61395160225576,
            34.17601498127012,
            49.193495504995376,
            62.03224967708329,
            37.36308338453881,
            69.57010852370435,
            26.076809620810597
        ],
        [
            19.697715603592208,
            17.88854381999832,
            52.61178575186362,
            68.96375859826666,
            16.1245154965971,
            42.37924020083418,
            50.15974481593781,
            57.584720195551874,
            22.0,
            8.0,
            42.190046219457976,
            24.331050121192877,
            0.0,
            57.271284253105414,
            21.540659228538015,
            26.076809620810597,
            50.0,
            29.732137494637012,
            6.324555320336759,
            26.30589287593181,
            24.08318915758459,
            32.802438933713454,
            67.08203932499369,
            22.80350850198276,
            55.569775957799216,
            35.38361202590826,
            46.647615158762406,
            70.68238818828917,
            70.25667228100119,
            31.304951684997057,
            50.11985634456667,
            12.806248474865697,
            46.389654018972806,
            11.313708498984761,
            66.48308055437865,
            69.57010852370435,
            61.61168720299745,
            83.7615663654877,
            18.110770276274835
        ],
        [
            48.373546489791295,
            69.85699678629192,
            80.0,
            108.90362712049586,
            48.041648597857254,
            87.20091742636656,
            17.08800749063506,
            100.65783625729296,
            36.05551275463989,
            49.47726750741192,
            80.72174428244226,
            35.77708763999664,
            57.271284253105414,
            0.0,
            48.662100242385755,
            69.33974329343886,
            92.19544457292888,
            46.69047011971501,
            50.99019513592785,
            61.61168720299745,
            78.0,
            38.62641583165593,
            103.47946656221224,
            78.43468620451031,
            66.2117814289874,
            82.87339742040264,
            39.395431207184416,
            42.7551166528639,
            15.231546211727817,
            80.62257748298549,
            16.97056274847714,
            67.67569726275453,
            84.8999411071645,
            64.1248781675256,
            60.8276253029822,
            85.0881895447306,
            26.30589287593181,
            82.60750571225353,
            61.773780845922005
        ],
        [
            2.0,
            39.395431207184416,
            72.0,
            90.44335243676011,
            6.0,
            63.90618123468183,
            48.373546489791295,
            79.12016177940993,
            24.413111231467404,
            20.0,
            63.150613615387776,
            28.844410203711913,
            21.540659228538015,
            48.662100242385755,
            0.0,
            47.07440918375928,
            71.47027354082255,
            42.37924020083418,
            18.110770276274835,
            13.416407864998739,
            44.94441010848846,
            13.416407864998739,
            88.29496021857646,
            42.80186911806539,
            70.8801805866774,
            34.23448553724738,
            54.405882034941776,
            75.07329751649384,
            63.56099432828282,
            52.80151512977634,
            36.22154055254967,
            34.0,
            67.468511173732,
            20.0,
            77.89736837660179,
            87.13208364316786,
            62.12889826803627,
            97.6933979345585,
            38.47076812334269
        ],
        [
            45.12205669071391,
            11.661903789690601,
            27.85677655436824,
            43.86342439892262,
            41.23105625617661,
            18.439088914585774,
            56.462376853972415,
            33.28663395418648,
            35.38361202590826,
            27.85677655436824,
            16.1245154965971,
            34.058772731852805,
            26.076809620810597,
            69.33974329343886,
            47.07440918375928,
            0.0,
            25.059928172283335,
            24.73863375370596,
            29.120439557122072,
            52.03844732503075,
            16.1245154965971,
            56.462376853972415,
            41.23105625617661,
            20.0,
            37.20215047547655,
            55.46169849544819,
            42.04759208325728,
            66.12110101926616,
            78.79086241436883,
            12.165525060596439,
            67.94115100585212,
            17.08800749063506,
            20.396078054371138,
            34.52535300326414,
            52.80151512977634,
            46.647615158762406,
            63.150613615387776,
            65.11528238439882,
            8.94427190999916
        ],
        [
            69.57010852370435,
            32.55764119219941,
            22.360679774997898,
            18.973665961010276,
            65.7875368135941,
            8.0,
            77.6659513557904,
            8.48528137423857,
            60.0,
            52.80151512977634,
            11.661903789690601,
            58.137767414994535,
            50.0,
            92.19544457292888,
            71.47027354082255,
            25.059928172283335,
            0.0,
            45.60701700396552,
            53.85164807134504,
            74.67261881037788,
            30.066592756745816,
            81.43709228600933,
            18.110770276274835,
            34.23448553724738,
            42.0,
            72.99315036357864,
            59.09314681077663,
            80.049984384758,
            99.85990186255943,
            20.0,
            92.45539465060976,
            38.47076812334269,
            8.246211251235321,
            56.32051136131489,
            60.0,
            40.24922359499622,
            81.43709228600933,
            63.90618123468183,
            34.0
        ],
        [
            40.496913462633174,
            30.265491900843113,
            34.92849839314596,
            62.289646009589745,
            36.76955262170047,
            41.182520563948,
            32.2490309931942,
            54.037024344425184,
            20.0,
            24.413111231467404,
            34.058772731852805,
            16.1245154965971,
            29.732137494637012,
            46.69047011971501,
            42.37924020083418,
            24.73863375370596,
            45.60701700396552,
            0.0,
            27.202941017470888,
            52.839379254491625,
            38.05259518088089,
            46.04345773288535,
            57.201398584300364,
            40.44749683231337,
            28.635642126552707,
            65.11528238439882,
            18.439088914585774,
            43.174066289845804,
            54.589376255824725,
            36.87817782917155,
            49.193495504995376,
            31.622776601683793,
            38.2099463490856,
            41.036569057366385,
            36.87817782917155,
            46.0,
            38.47076812334269,
            55.46169849544819,
            20.09975124224178
        ],
        [
            16.1245154965971,
            22.80350850198276,
            54.037024344425184,
            72.80109889280519,
            12.165525060596439,
            46.51881339845203,
            44.40720662234904,
            61.741396161732524,
            16.1245154965971,
            2.8284271247461903,
            45.12205669071391,
            18.973665961010276,
            6.324555320336759,
            50.99019513592785,
            18.110770276274835,
            29.120439557122072,
            53.85164807134504,
            27.202941017470888,
            0.0,
            26.0,
            29.732137494637012,
            27.784887978899608,
            70.3420215802759,
            28.844410203711913,
            54.62600113499065,
            38.8329756778952,
            42.80186911806539,
            66.24198064671678,
            64.1248781675256,
            36.05551275463989,
            43.9089968002003,
            18.439088914585774,
            49.47726750741192,
            15.231546211727817,
            64.03124237432849,
            69.85699678629192,
            56.32051136131489,
            82.365041127896,
            20.396078054371138
        ],
        [
            14.422205101855956,
            42.190046219457976,
            78.91767862779544,
            93.38094023943002,
            16.97056274847714,
            66.75327707311455,
            61.773780845922005,
            81.58431221748455,
            36.76955262170047,
            28.635642126552707,
            68.0,
            41.036569057366385,
            26.30589287593181,
            61.61168720299745,
            13.416407864998739,
            52.03844732503075,
            74.67261881037788,
            52.839379254491625,
            26.0,
            0.0,
            45.60701700396552,
            24.0,
            92.34717104492157,
            42.37924020083418,
            80.62257748298549,
            22.090722034374522,
            66.60330322138685,
            88.09086218218096,
            76.6550715869472,
            54.91812087098393,
            48.041648597857254,
            36.22154055254967,
            72.02777242147643,
            18.439088914585774,
            89.30845424706443,
            95.60334722173695,
            75.47184905645283,
            108.24047302187847,
            44.40720662234904
        ],
        [
            43.266615305567875,
            8.246211251235321,
            41.617304093369626,
            48.16637831516918,
            40.0,
            22.090722034374522,
            67.468511173732,
            36.22154055254967,
            42.04759208325728,
            30.0,
            26.832815729997478,
            42.37924020083418,
            24.08318915758459,
            78.0,
            44.94441010848846,
            16.1245154965971,
            30.066592756745816,
            38.05259518088089,
            29.732137494637012,
            45.60701700396552,
            0.0,
            56.85068161420758,
            48.16637831516918,
            4.47213595499958,
            53.25410782277739,
            43.174066289845804,
            56.32051136131489,
            80.89499366462674,
            89.28605714219886,
            10.198039027185569,
            73.23933369440222,
            11.313708498984761,
            29.732137494637012,
            27.202941017470888,
            68.87670143089025,
            61.220911460055866,
            76.10519036176179,
            80.91971329657564,
            18.0
        ],
        [
            14.422205101855956,
            50.47771785649585,
            78.91767862779544,
            100.31948963187563,
            16.97056274847714,
            74.24284477308234,
            42.42640687119285,
            89.44271909999159,
            26.076809620810597,
            28.635642126552707,
            72.11102550927978,
            30.265491900843113,
            32.802438933713454,
            38.62641583165593,
            13.416407864998739,
            56.462376853972415,
            81.43709228600933,
            46.04345773288535,
            27.784887978899608,
            24.0,
            56.85068161420758,
            0.0,
            97.40636529508737,
            55.17245689653489,
            74.43117626371358,
            46.04345773288535,
            53.85164807134504,
            71.21797525905943,
            53.85164807134504,
            63.812224534175265,
            24.08318915758459,
            45.60701700396552,
            76.55063683601855,
            33.28663395418648,
            78.43468620451031,
            92.02173656261873,
            56.568542494923804,
            99.45853407325085,
            47.53945729601885
        ],
        [
            86.34813257969161,
            50.15974481593781,
            24.413111231467404,
            8.0,
            82.46211251235322,
            26.076809620810597,
            87.68124086713189,
            14.422205101855956,
            74.24284477308234,
            68.96375859826666,
            25.298221281347036,
            71.69379331573968,
            67.08203932499369,
            103.47946656221224,
            88.29496021857646,
            41.23105625617661,
            18.110770276274835,
            57.201398584300364,
            70.3420215802759,
            92.34717104492157,
            48.16637831516918,
            97.40636529508737,
            0.0,
            52.3450093132096,
            43.86342439892262,
            91.0823802938856,
            66.84309986827361,
            84.09518416651456,
            109.12378292562992,
            38.05259518088089,
            106.0,
            56.142675390472796,
            20.8806130178211,
            74.10802925459562,
            60.728905802755904,
            34.0,
            88.81441324469807,
            58.137767414994535,
            50.0
        ],
        [
            41.23105625617661,
            10.198039027185569,
            46.04345773288535,
            52.03844732503075,
            38.2099463490856,
            26.30589287593181,
            68.73136110975832,
            40.049968789001575,
            42.37924020083418,
            29.5296461204668,
            31.304951684997057,
            43.174066289845804,
            22.80350850198276,
            78.43468620451031,
            42.80186911806539,
            20.0,
            34.23448553724738,
            40.44749683231337,
            28.844410203711913,
            42.37924020083418,
            4.47213595499958,
            55.17245689653489,
            52.3450093132096,
            0.0,
            57.201398584300364,
            38.8329756778952,
            58.855755878248644,
            83.54639429682169,
            90.24411338142782,
            14.560219778561036,
            72.71863585079137,
            10.770329614269007,
            34.17601498127012,
            24.166091947189145,
            72.47068372797375,
            65.60487786742691,
            78.0,
            85.0411665018772,
            20.396078054371138
        ],
        [
            68.96375859826666,
            48.16637831516918,
            20.396078054371138,
            51.264022471905186,
            65.14598989960932,
            42.7551166528639,
            49.193495504995376,
            48.373546489791295,
            48.373546489791295,
            52.0,
            32.55764119219941,
            44.181444068749045,
            55.569775957799216,
            66.2117814289874,
            70.8801805866774,
            37.20215047547655,
            42.0,
            28.635642126552707,
            54.62600113499065,
            80.62257748298549,
            53.25410782277739,
            74.43117626371358,
            43.86342439892262,
            57.201398584300364,
            0.0,
            90.0,
            26.832815729997478,
            40.24922359499622,
            68.41052550594829,
            46.51881339845203,
            73.7563556583431,
            52.3450093132096,
            34.058772731852805,
            66.57326790837296,
            18.0,
            18.973665961010276,
            46.69047011971501,
            28.42534080710379,
            39.698866482558415
        ],
        [
            34.52535300326414,
            43.86342439892262,
            83.2586331859946,
            90.19977827023745,
            35.4400902933387,
            65.11528238439882,
            80.99382692526635,
            78.23042886243178,
            53.665631459994955,
            41.617304093369626,
            69.57010852370435,
            57.30619512757761,
            35.38361202590826,
            82.87339742040264,
            34.23448553724738,
            55.46169849544819,
            72.99315036357864,
            65.11528238439882,
            38.8329756778952,
            22.090722034374522,
            43.174066289845804,
            46.04345773288535,
            91.0823802938856,
            38.8329756778952,
            90.0,
            0.0,
            81.60882305241266,
            104.95713410721541,
            97.67292357659824,
            53.36665625650534,
            70.0,
            38.47076812334269,
            72.80109889280519,
            24.08318915758459,
            101.82337649086284,
            102.0,
            94.02127418834527,
            118.40608092492548,
            50.47771785649585
        ],
        [
            52.80151512977634,
            48.662100242385755,
            42.5205832509386,
            73.23933369440222,
            49.678969393496885,
            56.32051136131489,
            22.360679774997898,
            67.08203932499369,
            30.0,
            40.0,
            47.53945729601885,
            25.612496949731394,
            46.647615158762406,
            39.395431207184416,
            54.405882034941776,
            42.04759208325728,
            59.09314681077663,
            18.439088914585774,
            42.80186911806539,
            66.60330322138685,
            56.32051136131489,
            53.85164807134504,
            66.84309986827361,
            58.855755878248644,
            26.832815729997478,
            81.60882305241266,
            0.0,
            24.73863375370596,
            42.42640687119285,
            54.147945482723536,
            48.16637831516918,
            50.0,
            50.99019513592785,
            57.688820407423826,
            24.73863375370596,
            45.69463863518345,
            22.360679774997898,
            46.389654018972806,
            38.47076812334269
        ],
        [
            73.7563556583431,
            73.348483283569,
            60.166435825965294,
            91.3892772703669,
            71.21797525905943,
            78.63841300535,
            29.5296461204668,
            87.36131867136622,
            51.61395160225576,
            63.52952069707436,
            69.05070600652827,
            47.70744176750625,
            70.68238818828917,
            42.7551166528639,
            75.07329751649384,
            66.12110101926616,
            80.049984384758,
            43.174066289845804,
            66.24198064671678,
            88.09086218218096,
            80.89499366462674,
            71.21797525905943,
            84.09518416651456,
            83.54639429682169,
            40.24922359499622,
            104.95713410721541,
            24.73863375370596,
            0.0,
            36.49657518178932,
            78.02563681252464,
            57.584720195551874,
            74.72616676907762,
            71.80529228406496,
            81.41252974819048,
            25.45584412271571,
            55.31726674375732,
            16.492422502470642,
            43.86342439892262,
            63.150613615387776
        ],
        [
            63.150613615387776,
            81.04319835741924,
            84.8999411071645,
            115.25623627379127,
            62.51399843235114,
            95.77055915050303,
            22.360679774997898,
            108.16653826391968,
            48.373546489791295,
            62.289646009589745,
            88.20430828479978,
            47.07440918375928,
            70.25667228100119,
            15.231546211727817,
            63.56099432828282,
            78.79086241436883,
            99.85990186255943,
            54.589376255824725,
            64.1248781675256,
            76.6550715869472,
            89.28605714219886,
            53.85164807134504,
            109.12378292562992,
            90.24411338142782,
            68.41052550594829,
            97.67292357659824,
            42.42640687119285,
            36.49657518178932,
            0.0,
            90.62008607367353,
            31.622776601683793,
            79.62411694957753,
            92.0869154657707,
            78.02563681252464,
            59.09314681077663,
            86.53323061113575,
            22.360679774997898,
            79.6994353806851,
            72.11102550927978
        ],
        [
            50.99019513592785,
            13.416407864998739,
            32.55764119219941,
            38.47076812334269,
            47.41307836451879,
            12.0,
            68.35202996254024,
            26.68332812825267,
            45.60701700396552,
            35.608987629529715,
            17.204650534085253,
            44.94441010848846,
            31.304951684997057,
            80.62257748298549,
            52.80151512977634,
            12.165525060596439,
            20.0,
            36.87817782917155,
            36.05551275463989,
            54.91812087098393,
            10.198039027185569,
