{
    "Number_of_customers": 47,
    "customer_1": {
        "coordinates": {
            "x": 1.0,
            "y": 19.0
        },
        "demand": 20.0
    },
    "customer_10": {
        "coordinates": {
            "x": 89.0,
            "y": 45.0
        },
        "demand": 26.0
    },
    "customer_11": {
        "coordinates": {
            "x": 71.0,
            "y": 99.0
        },
        "demand": 14.0
    },
    "customer_12": {
        "coordinates": {
            "x": 11.0,
            "y": 1.0
        },
        "demand": 22.0
    },
    "customer_13": {
        "coordinates": {
            "x": 85.0,
            "y": 85.0
        },
        "demand": 9.0
    },
    "customer_14": {
        "coordinates": {
            "x": 57.0,
            "y": 11.0
        },
        "demand": 11.0
    },
    "customer_15": {
        "coordinates": {
            "x": 57.0,
            "y": 85.0
        },
        "demand": 18.0
    },
    "customer_16": {
        "coordinates": {
            "x": 71.0,
            "y": 33.0
        },
        "demand": 24.0
    },
    "customer_17": {
        "coordinates": {
            "x": 61.0,
            "y": 13.0
        },
        "demand": 15.0
    },
    "customer_18": {
        "coordinates": {
            "x": 39.0,
            "y": 15.0
        },
        "demand": 23.0
    },
    "customer_19": {
        "coordinates": {
            "x": 13.0,
            "y": 59.0
        },
        "demand": 16.0
    },
    "customer_2": {
        "coordinates": {
            "x": 97.0,
            "y": 35.0
        },
        "demand": 14.0
    },
    "customer_20": {
        "coordinates": {
            "x": 43.0,
            "y": 99.0
        },
        "demand": 14.0
    },
    "customer_21": {
        "coordinates": {
            "x": 87.0,
            "y": 73.0
        },
        "demand": 8.0
    },
    "customer_22": {
        "coordinates": {
            "x": 11.0,
            "y": 37.0
        },
        "demand": 5.0
    },
    "customer_23": {
        "coordinates": {
            "x": 21.0,
            "y": 11.0
        },
        "demand": 12.0
    },
    "customer_24": {
        "coordinates": {
            "x": 77.0,
            "y": 81.0
        },
        "demand": 8.0
    },
    "customer_25": {
        "coordinates": {
            "x": 3.0,
            "y": 63.0
        },
        "demand": 16.0
    },
    "customer_26": {
        "coordinates": {
            "x": 47.0,
            "y": 95.0
        },
        "demand": 12.0
    },
    "customer_27": {
        "coordinates": {
            "x": 53.0,
            "y": 75.0
        },
        "demand": 15.0
    },
    "customer_28": {
        "coordinates": {
            "x": 73.0,
            "y": 55.0
        },
        "demand": 9.0
    },
    "customer_29": {
        "coordinates": {
            "x": 81.0,
            "y": 71.0
        },
        "demand": 2.0
    },
    "customer_3": {
        "coordinates": {
            "x": 23.0,
            "y": 79.0
        },
        "demand": 5.0
    },
    "customer_30": {
        "coordinates": {
            "x": 89.0,
            "y": 75.0
        },
        "demand": 10.0
    },
    "customer_31": {
        "coordinates": {
            "x": 11.0,
            "y": 9.0
        },
        "demand": 2.0
    },
    "customer_32": {
        "coordinates": {
            "x": 27.0,
            "y": 37.0
        },
        "demand": 3.0
    },
    "customer_33": {
        "coordinates": {
            "x": 95.0,
            "y": 59.0
        },
        "demand": 20.0
    },
    "customer_34": {
        "coordinates": {
            "x": 63.0,
            "y": 63.0
        },
        "demand": 3.0
    },
    "customer_35": {
        "coordinates": {
            "x": 37.0,
            "y": 21.0
        },
        "demand": 13.0
    },
    "customer_36": {
        "coordinates": {
            "x": 33.0,
            "y": 47.0
        },
        "demand": 25.0
    },
    "customer_37": {
        "coordinates": {
            "x": 23.0,
            "y": 63.0
        },
        "demand": 23.0
    },
    "customer_38": {
        "coordinates": {
            "x": 13.0,
            "y": 55.0
        },
        "demand": 8.0
    },
    "customer_39": {
        "coordinates": {
            "x": 47.0,
            "y": 93.0
        },
        "demand": 16.0
    },
    "customer_4": {
        "coordinates": {
            "x": 77.0,
            "y": 87.0
        },
        "demand": 11.0
    },
    "customer_40": {
        "coordinates": {
            "x": 45.0,
            "y": 43.0
        },
        "demand": 9.0
    },
    "customer_41": {
        "coordinates": {
            "x": 83.0,
            "y": 7.0
        },
        "demand": 14.0
    },
    "customer_42": {
        "coordinates": {
            "x": 69.0,
            "y": 91.0
        },
        "demand": 4.0
    },
    "customer_43": {
        "coordinates": {
            "x": 13.0,
            "y": 11.0
        },
        "demand": 13.0
    },
    "customer_44": {
        "coordinates": {
            "x": 37.0,
            "y": 15.0
        },
        "demand": 7.0
    },
    "customer_45": {
        "coordinates": {
            "x": 53.0,
            "y": 59.0
        },
        "demand": 16.0
    },
    "customer_46": {
        "coordinates": {
            "x": 97.0,
            "y": 83.0
        },
        "demand": 18.0
    },
    "customer_47": {
        "coordinates": {
            "x": 75.0,
            "y": 31.0
        },
        "demand": 16.0
    },
    "customer_5": {
        "coordinates": {
            "x": 3.0,
            "y": 9.0
        },
        "demand": 22.0
    },
    "customer_6": {
        "coordinates": {
            "x": 5.0,
            "y": 27.0
        },
        "demand": 25.0
    },
    "customer_7": {
        "coordinates": {
            "x": 41.0,
            "y": 53.0
        },
        "demand": 2.0
    },
    "customer_8": {
        "coordinates": {
            "x": 51.0,
            "y": 87.0
        },
        "demand": 18.0
    },
    "customer_9": {
        "coordinates": {
            "x": 67.0,
            "y": 73.0
        },
        "demand": 10.0
    },
    "depart": {
        "coordinates": {
            "x": 47.0,
            "y": 5.0
        },
        "demand": 0.0
    },
    "distance_matrix": [
        [
            0.0,
            48.08326112068523,
            58.309518948453004,
            77.79460135510689,
            87.31551981177229,
            44.181444068749045,
            47.41307836451879,
            48.373546489791295,
            82.09750300709517,
            70.8801805866774,
            58.0,
            97.01546268507923,
            36.22154055254967,
            88.56635930193812,
            11.661903789690601,
            80.62257748298549,
            36.87817782917155,
            16.1245154965971,
            12.806248474865697,
            63.812224534175265,
            94.08506789071261,
            78.89233169326408,
            48.16637831516918,
            26.68332812825267,
            81.70679286326198,
            72.80109889280519,
            90.0,
            70.25667228100119,
            56.356011214421486,
            74.24284477308234,
            81.6333265278342,
            36.22154055254967,
            37.73592452822641,
            72.24956747275377,
            60.166435825965294,
            18.867962264113206,
            44.27188724235731,
            62.76941930590086,
            60.4648658313239,
            88.0,
            38.05259518088089,
            36.05551275463989,
            88.76936408468859,
            34.52535300326414,
            14.142135623730951,
            54.3323108288245,
            92.64987857520376,
            38.2099463490856
        ],
        [
            48.08326112068523,
            0.0,
            97.32420048477151,
            63.90618123468183,
            101.9803902718557,
            10.198039027185569,
            8.94427190999916,
            52.49761899362675,
            84.40379138403677,
            85.27602242131137,
            91.76055797563569,
            106.30145812734649,
            20.591260281974,
            106.82696288858914,
            56.568542494923804,
            86.55634003352961,
            71.386273190299,
            60.29925372672534,
            38.2099463490856,
            41.7612260356422,
            90.35485598461214,
            101.54801819828883,
            20.591260281974,
            21.540659228538015,
            98.08159868191383,
            44.04543109109048,
            88.83692925805124,
            76.4198926981712,
            80.49844718999243,
            95.4148835350125,
            104.30723848324239,
            14.142135623730951,
            31.622776601683793,
            102.15674231297707,
            76.02631123499285,
            36.05551275463989,
            42.5205832509386,
            49.193495504995376,
            37.94733192202055,
            87.13208364316786,
            50.11985634456667,
            82.87339742040264,
            99.03534722511958,
            14.422205101855956,
            36.22154055254967,
            65.60487786742691,
            115.37764081484765,
            74.96665925596525
        ],
        [
            58.309518948453004,
            97.32420048477151,
            0.0,
            86.09297300012354,
            55.71355310873648,
            97.52948272189288,
            92.34717104492157,
            58.82176467941097,
            69.42621983083913,
            48.41487374764082,
            12.806248474865697,
            69.07966415668217,
            92.47702417357513,
            51.419840528729765,
            46.647615158762406,
            64.03124237432849,
            26.076809620810597,
            42.190046219457976,
            61.35144660071187,
            87.36131867136622,
            83.73768566183328,
            39.293765408777,
            86.02325267042627,
            79.6994353806851,
            50.15974481593781,
            98.08159868191383,
            78.10249675906654,
            59.464274989274024,
            31.240998703626616,
            39.395431207184416,
            40.792156108742276,
            89.8443097808648,
            70.02856560004639,
            24.08318915758459,
            44.04543109109048,
            61.61168720299745,
            65.11528238439882,
            79.12016177940993,
            86.34813257969161,
            76.57675887630658,
            52.61178575186362,
            31.304951684997057,
            62.609903369994115,
            87.36131867136622,
            63.245553203367585,
            50.11985634456667,
            48.0,
            22.360679774997898
        ],
        [
            77.79460135510689,
            63.90618123468183,
            86.09297300012354,
            0.0,
            54.589376255824725,
            72.80109889280519,
            55.02726596879042,
            31.622776601683793,
            29.120439557122072,
            44.40720662234904,
            74.24284477308234,
            52.0,
            78.91767862779544,
            62.289646009589745,
            76.02631123499285,
            34.52535300326414,
            66.48308055437865,
            76.15773105863909,
            65.96969000988257,
            22.360679774997898,
            28.284271247461902,
            64.28063471995279,
            43.68065933568311,
            68.0294054067798,
            54.037024344425184,
            25.612496949731394,
            28.844410203711913,
            30.265491900843113,
            55.46169849544819,
            58.54912467321779,
            66.12110101926616,
            71.02112361825881,
            42.190046219457976,
            74.72616676907762,
            43.08131845707603,
            59.665735560705194,
            33.52610922848042,
            16.0,
            26.0,
            27.784887978899608,
            42.190046219457976,
            93.72299611087985,
            47.53945729601885,
            68.73136110975832,
            65.5133574166368,
            36.05551275463989,
            74.10802925459562,
            70.76722405181653
        ],
        [
            87.31551981177229,
            101.9803902718557,
            55.71355310873648,
            54.589376255824725,
            0.0,
            107.5174404457249,
            93.72299611087985,
            49.51767361255979,
            26.0,
            17.204650534085253,
            43.68065933568311,
            13.416407864998739,
            108.40664186294121,
            8.246211251235321,
            78.587530817554,
            20.09975124224178,
            54.3323108288245,
            75.7099729229908,
            81.41252974819048,
            69.85699678629192,
            36.05551275463989,
            17.204650534085253,
            82.80096617793781,
            94.40338976964757,
            6.0,
            77.79460135510689,
            31.04834939252005,
            26.832815729997478,
            32.2490309931942,
            16.492422502470642,
            16.97056274847714,
            102.17631819555841,
            70.71067811865476,
            33.28663395418648,
            27.784887978899608,
            77.17512552629896,
            59.464274989274024,
            59.09314681077663,
            71.55417527999327,
            30.59411708155671,
            54.405882034941776,
            80.22468448052632,
            8.94427190999916,
            99.35793878699377,
            82.365041127896,
            36.87817782917155,
            20.396078054371138,
            56.0357029044876
        ],
        [
            44.181444068749045,
            10.198039027185569,
            97.52948272189288,
            72.80109889280519,
            107.5174404457249,
            0.0,
            18.110770276274835,
            58.137767414994535,
            91.58602513484249,
            90.50966799187809,
            93.23089616645332,
            112.8007092176286,
            11.313708498984761,
            111.80339887498948,
            54.037024344425184,
            93.23089616645332,
            72.11102550927978,
            58.137767414994535,
            36.49657518178932,
            50.99019513592785,
            98.48857801796105,
            105.60303025955268,
            29.120439557122072,
            18.110770276274835,
            103.24727599312246,
            54.0,
            96.60227740586657,
            82.80096617793781,
            83.7615663654877,
            99.6393496566492,
            108.40664186294121,
            8.0,
            36.87817782917155,
            104.70912090166739,
            80.72174428244226,
            36.05551275463989,
            48.41487374764082,
            57.584720195551874,
            47.07440918375928,
            94.82615672903758,
            54.037024344425184,
            80.02499609497022,
            105.26157893552613,
            10.198039027185569,
            34.52535300326414,
            70.71067811865476,
            119.63277142990545,
            75.28612089887484
        ],
        [
            47.41307836451879,
            8.94427190999916,
            92.34717104492157,
            55.02726596879042,
            93.72299611087985,
            18.110770276274835,
            0.0,
            44.40720662234904,
            75.6042326857432,
            77.20103626247513,
            85.90692637965812,
            97.67292357659824,
            26.68332812825267,
            98.812954616285,
            54.405882034941776,
            77.89736837660179,
            66.27216610312357,
            57.723478758647246,
            36.05551275463989,
            32.984845004941285,
            81.41252974819048,
            94.02127418834527,
            11.661903789690601,
            22.627416997969522,
            90.0,
            36.05551275463989,
            79.92496481075234,
            67.88225099390856,
            73.53910524340094,
            87.8179936004006,
            96.74709297958259,
            18.973665961010276,
            24.166091947189145,
            95.51963149007642,
            68.26419266350405,
            32.55764119219941,
            34.40930106817051,
            40.24922359499622,
            29.120439557122072,
            78.23042886243178,
            43.08131845707603,
            80.52328855678958,
            90.50966799187809,
            17.88854381999832,
            34.17601498127012,
            57.688820407423826,
            107.70329614269008,
            70.11419257183242
        ],
        [
            48.373546489791295,
            52.49761899362675,
            58.82176467941097,
            31.622776601683793,
            49.51767361255979,
            58.137767414994535,
            44.40720662234904,
            0.0,
            35.4400902933387,
            32.802438933713454,
            48.662100242385755,
            54.91812087098393,
            60.03332407921454,
            54.405882034941776,
            44.94441010848846,
            35.77708763999664,
            36.05551275463989,
            44.721359549995796,
            38.05259518088089,
            28.635642126552707,
            46.04345773288535,
            50.15974481593781,
            34.0,
            46.51881339845203,
            45.60701700396552,
            39.293765408777,
            42.42640687119285,
            25.059928172283335,
            32.0624390837628,
            43.86342439892262,
            52.80151512977634,
            53.25410782277739,
            21.2602916254693,
            54.3323108288245,
            24.166091947189145,
            32.2490309931942,
            10.0,
            20.591260281974,
            28.071337695236398,
            40.44749683231337,
            10.770329614269007,
            62.289646009589745,
            47.20169488482379,
            50.47771785649585,
            38.2099463490856,
            13.416407864998739,
            63.52952069707436,
            40.496913462633174
        ],
        [
            82.09750300709517,
            84.40379138403677,
            69.42621983083913,
            29.120439557122072,
            26.0,
            91.58602513484249,
            75.6042326857432,
            35.4400902933387,
            0.0,
            21.2602916254693,
            56.639209034025185,
            23.323807579381203,
            94.847245611035,
            34.058772731852805,
            76.23647421018367,
            6.324555320336759,
            57.584720195551874,
            74.67261881037788,
            72.99315036357864,
            47.20169488482379,
            14.422205101855956,
            38.62641583165593,
            64.03124237432849,
            81.70679286326198,
            26.68332812825267,
            53.665631459994955,
            8.94427190999916,
            12.165525060596439,
            38.8329756778952,
            34.0,
            39.84971769034255,
            87.65842800324451,
            55.46169849544819,
            52.15361924162119,
            26.832815729997478,
            67.468511173732,
            43.86342439892262,
            36.87817782917155,
            49.678969393496885,
            7.211102550927978,
            44.40720662234904,
            86.16263691415206,
            18.439088914585774,
            84.970583144992,
            73.348483283569,
            28.071337695236398,
            46.17358552246078,
            60.92618484691127
        ],
        [
            70.8801805866774,
            85.27602242131137,
            48.41487374764082,
            44.40720662234904,
            17.204650534085253,
            90.50966799187809,
            77.20103626247513,
            32.802438933713454,
            21.2602916254693,
            0.0,
            35.608987629529715,
            26.30589287593181,
            91.21403400793103,
            21.633307652783937,
            62.80127387243033,
            15.620499351813308,
            40.19950248448356,
            60.29925372672534,
            64.40496875241847,
            55.78530272392541,
            35.38361202590826,
            20.0,
            66.57326790837296,
            77.20103626247513,
            12.806248474865697,
            64.77653896280658,
            29.732137494637012,
            14.142135623730951,
            18.973665961010276,
            14.142135623730951,
            22.090722034374522,
            85.0411665018772,
            53.81449618829484,
            31.304951684997057,
            10.770329614269007,
            60.03332407921454,
            42.80186911806539,
            45.12205669071391,
            56.92099788303083,
            28.284271247461902,
            37.20215047547655,
            67.91170738539859,
            18.110770276274835,
            82.21921916437786,
            65.29931086925804,
            19.79898987322333,
            31.622776601683793,
            42.7551166528639
        ],
        [
            58.0,
            91.76055797563569,
            12.806248474865697,
            74.24284477308234,
            43.68065933568311,
            93.23089616645332,
            85.90692637965812,
            48.662100242385755,
            56.639209034025185,
            35.608987629529715,
            0.0,
            56.92099788303083,
            89.55445270895244,
            40.19950248448356,
            46.69047011971501,
            51.22499389946279,
            21.633307652783937,
            42.5205832509386,
            58.309518948453004,
            77.27871634544663,
            70.9365914038728,
            28.071337695236398,
            78.40918313565064,
            76.02631123499285,
            37.94733192202055,
            87.86353054595519,
            65.29931086925804,
            46.861498055439924,
            18.867962264113206,
            27.202941017470888,
            30.0,
            85.90692637965812,
            62.51399843235114,
            15.231546211727817,
            31.622776601683793,
            57.271284253105414,
            56.0357029044876,
            68.41052550594829,
            76.6550715869472,
            63.7808748764079,
            44.04543109109048,
            38.47076812334269,
            50.15974481593781,
            83.2586331859946,
            60.03332407921454,
            38.62641583165593,
            38.8329756778952,
            19.79898987322333
        ],
        [
            97.01546268507923,
            106.30145812734649,
            69.07966415668217,
            52.0,
            13.416407864998739,
            112.8007092176286,
            97.67292357659824,
            54.91812087098393,
            23.323807579381203,
            26.30589287593181,
            56.92099788303083,
            0.0,
            114.9086593777858,
            19.79898987322333,
            89.10667763978185,
            19.79898987322333,
            66.0,
            86.57944328765345,
            89.88882021697692,
            70.45565981523414,
            28.0,
            30.528675044947494,
            86.27861844049197,
            101.21264743103995,
            18.973665961010276,
            76.94153624668537,
            24.331050121192877,
            30.0,
            44.04543109109048,
            29.732137494637012,
            30.0,
            108.16653826391968,
            76.02631123499285,
            46.647615158762406,
            36.87817782917155,
            85.0881895447306,
            64.40496875241847,
            60.0,
            72.80109889280519,
            24.73863375370596,
            61.741396161732524,
            92.77930803794561,
            8.246211251235321,
            105.39449701004318,
            90.62008607367353,
            43.86342439892262,
            30.528675044947494,
            68.11754546370561
        ],
        [
            36.22154055254967,
            20.591260281974,
            92.47702417357513,
            78.91767862779544,
            108.40664186294121,
            11.313708498984761,
            26.68332812825267,
            60.03332407921454,
            94.847245611035,
            91.21403400793103,
            89.55445270895244,
            114.9086593777858,
            0.0,
            111.94641575325224,
            47.07440918375928,
            95.77055915050303,
            68.0,
            51.419840528729765,
            31.304951684997057,
            58.034472514187634,
            103.09219175087898,
            104.6900186264192,
            36.0,
            14.142135623730951,
            103.71113729971339,
            62.51399843235114,
            100.65783625729296,
            85.0881895447306,
            82.21921916437786,
            98.99494936611666,
            107.5174404457249,
            8.0,
            39.395431207184416,
            102.07840124139877,
            80.91971329657564,
            32.802438933713454,
            50.99019513592785,
            63.150613615387776,
            54.037024344425184,
            98.79271228182775,
            54.037024344425184,
            72.24956747275377,
            107.07007051459338,
            10.198039027185569,
            29.5296461204668,
            71.61005515987263,
            118.82760622010359,
            70.68238818828917
        ],
        [
            88.56635930193812,
            106.82696288858914,
            51.419840528729765,
            62.289646009589745,
            8.246211251235321,
            111.80339887498948,
            98.812954616285,
            54.405882034941776,
            34.058772731852805,
            21.633307652783937,
            40.19950248448356,
            19.79898987322333,
            111.94641575325224,
            0.0,
            79.12016177940993,
            28.0,
            53.85164807134504,
            75.8946638440411,
            83.7615663654877,
            76.55063683601855,
            44.27188724235731,
            12.165525060596439,
            88.20430828479978,
            97.83659846908007,
            8.94427190999916,
            84.8999411071645,
            39.293765408777,
            33.52610922848042,
            32.31098884280702,
            14.560219778561036,
            10.770329614269007,
            106.07544484940895,
            75.28612089887484,
            27.85677655436824,
            31.11269837220809,
            80.0,
            64.40496875241847,
            65.7875368135941,
            78.0,
            38.8329756778952,
            58.0,
            78.02563681252464,
            17.08800749063506,
            103.24727599312246,
            84.87638069569178,
            41.23105625617661,
            12.165525060596439,
            54.91812087098393
        ],
        [
            11.661903789690601,
            56.568542494923804,
            46.647615158762406,
            76.02631123499285,
            78.587530817554,
            54.037024344425184,
            54.405882034941776,
            44.94441010848846,
            76.23647421018367,
            62.80127387243033,
            46.69047011971501,
            89.10667763978185,
            47.07440918375928,
            79.12016177940993,
            0.0,
            74.0,
            26.076809620810597,
            4.47213595499958,
            18.439088914585774,
            65.11528238439882,
            89.10667763978185,
            68.87670143089025,
            52.839379254491625,
            36.0,
            72.80109889280519,
            74.96665925596525,
            84.5931439302264,
            64.1248781675256,
            46.8187996428785,
            64.62197768561404,
            71.55417527999327,
            46.04345773288535,
            39.698866482558415,
            61.220911460055866,
            52.3450093132096,
            22.360679774997898,
            43.266615305567875,
            62.12889826803627,
            62.22539674441618,
            82.60750571225353,
            34.17601498127012,
            26.30589287593181,
            80.89499366462674,
            44.0,
            20.396078054371138,
            48.16637831516918,
            82.365041127896,
            26.90724809414742
        ],
        [
            80.62257748298549,
            86.55634003352961,
            64.03124237432849,
            34.52535300326414,
            20.09975124224178,
            93.23089616645332,
            77.89736837660179,
            35.77708763999664,
            6.324555320336759,
            15.620499351813308,
            51.22499389946279,
            19.79898987322333,
            95.77055915050303,
            28.0,
            74.0,
            0.0,
            53.85164807134504,
            72.11102550927978,
            72.27724399837061,
            51.10772935672255,
            19.79898987322333,
            32.31098884280702,
            66.48308055437865,
            82.29216244576394,
            20.396078054371138,
            58.309518948453004,
            14.142135623730951,
            10.770329614269007,
            34.0,
            27.784887978899608,
            33.52610922848042,
            88.83692925805124,
            56.60388679233962,
            46.04345773288535,
            22.80350850198276,
            67.05221845696084,
            44.94441010848846,
            40.496913462633174,
            53.25410782277739,
            12.806248474865697,
            43.68065933568311,
            82.21921916437786,
            13.416407864998739,
            86.09297300012354,
            72.80109889280519,
            26.30589287593181,
            40.049968789001575,
            56.92099788303083
        ],
        [
            36.87817782917155,
            71.386273190299,
            26.076809620810597,
            66.48308055437865,
            54.3323108288245,
            72.11102550927978,
            66.27216610312357,
            36.05551275463989,
            57.584720195551874,
            40.19950248448356,
            21.633307652783937,
            66.0,
            68.0,
            53.85164807134504,
            26.076809620810597,
            53.85164807134504,
            0.0,
            22.360679774997898,
            36.71511950137164,
            63.56099432828282,
            71.69379331573968,
            43.08131845707603,
            60.13318551349163,
            54.62600113499065,
            48.373546489791295,
            74.32361670424818,
            66.48308055437865,
            45.69463863518345,
            22.090722034374522,
            39.293765408777,
            45.69463863518345,
            64.62197768561404,
            44.181444068749045,
            35.38361202590826,
            31.04834939252005,
            36.05551275463989,
            40.496913462633174,
            56.60388679233962,
            62.03224967708329,
            64.62197768561404,
            27.85677655436824,
            28.635642126552707,
            58.034472514187634,
            62.03224967708329,
            38.47076812334269,
            31.622776601683793,
            56.356011214421486,
            4.47213595499958
        ],
        [
            16.1245154965971,
            60.29925372672534,
            42.190046219457976,
            76.15773105863909,
            75.7099729229908,
            58.137767414994535,
            57.723478758647246,
            44.721359549995796,
            74.67261881037788,
            60.29925372672534,
            42.5205832509386,
            86.57944328765345,
            51.419840528729765,
            75.8946638440411,
            4.47213595499958,
            72.11102550927978,
            22.360679774997898,
            0.0,
            22.090722034374522,
            66.48308055437865,
            87.86353054595519,
            65.39113089708727,
            55.46169849544819,
            40.049968789001575,
            69.85699678629192,
            76.57675887630658,
            83.18653737234169,
            62.51399843235114,
            43.68065933568311,
            61.35144660071187,
            68.0294054067798,
            50.15974481593781,
            41.617304093369626,
            57.201398584300364,
            50.039984012787215,
            25.298221281347036,
            44.04543109109048,
            62.80127387243033,
            63.7808748764079,
            81.21576201698781,
            34.0,
            22.80350850198276,
            78.40918313565064,
            48.041648597857254,
            24.08318915758459,
            46.69047011971501,
            78.71467461661771,
            22.80350850198276
        ],
        [
            12.806248474865697,
            38.2099463490856,
            61.35144660071187,
            65.96969000988257,
            81.41252974819048,
            36.49657518178932,
            36.05551275463989,
            38.05259518088089,
            72.99315036357864,
            64.40496875241847,
            58.309518948453004,
            89.88882021697692,
            31.304951684997057,
            83.7615663654877,
            18.439088914585774,
            72.27724399837061,
            36.71511950137164,
            22.090722034374522,
            0.0,
            51.10772935672255,
            84.09518416651456,
            75.28612089887484,
            35.608987629529715,
            18.439088914585774,
            76.15773105863909,
            60.0,
            80.39900496896712,
            61.61168720299745,
            52.49761899362675,
            70.0,
            78.10249675906654,
            28.635642126552707,
            25.059928172283335,
            71.21797525905943,
            53.665631459994955,
            6.324555320336759,
            32.55764119219941,
            50.59644256269407,
            47.70744176750625,
            78.40918313565064,
            28.635642126552707,
            44.721359549995796,
            81.70679286326198,
            26.30589287593181,
            2.0,
            46.17358552246078,
            89.37561188601732,
            39.395431207184416
        ],
        [
            63.812224534175265,
            41.7612260356422,
            87.36131867136622,
            22.360679774997898,
            69.85699678629192,
            50.99019513592785,
            32.984845004941285,
            28.635642126552707,
            47.20169488482379,
            55.78530272392541,
            77.27871634544663,
            70.45565981523414,
            58.034472514187634,
            76.55063683601855,
            65.11528238439882,
            51.10772935672255,
            63.56099432828282,
            66.48308055437865,
            51.10772935672255,
            0.0,
            50.0,
            75.31268153505093,
            22.090722034374522,
            48.662100242385755,
            67.67569726275453,
            10.770329614269007,
            49.51767361255979,
            43.08131845707603,
            60.13318551349163,
            69.05070600652827,
            77.6659513557904,
            50.039984012787215,
            26.076809620810597,
            82.0,
            50.15974481593781,
            44.94441010848846,
            23.323807579381203,
            10.770329614269007,
            4.0,
            48.08326112068523,
            35.77708763999664,
            87.20091742636656,
            64.4980619863884,
            48.0,
            50.11985634456667,
            40.0,
            87.36131867136622,
            68.0294054067798
        ],
        [
            94.08506789071261,
            90.35485598461214,
            83.73768566183328,
            28.284271247461902,
            36.05551275463989,
            98.48857801796105,
            81.41252974819048,
            46.04345773288535,
            14.422205101855956,
            35.38361202590826,
            70.9365914038728,
            28.0,
            103.09219175087898,
            44.27188724235731,
            89.10667763978185,
            19.79898987322333,
            71.69379331573968,
            87.86353054595519,
            84.09518416651456,
            50.0,
            0.0,
            51.10772935672255,
            69.77105417004964,
            90.70832376358854,
            38.47076812334269,
            53.81449618829484,
            5.656854249492381,
            26.0,
            53.25410782277739,
            47.20169488482379,
            51.884487084291386,
            95.51963149007642,
            64.03124237432849,
            65.60487786742691,
            41.182520563948,
            78.23042886243178,
            52.952809179494906,
            41.182520563948,
            53.25410782277739,
            7.211102550927978,
            56.0357029044876,
            100.31948963187563,
            27.202941017470888,
            92.97311439335567,
            84.2140130857092,
            41.23105625617661,
            56.32051136131489,
            75.15317691222374
        ],
        [
            78.89233169326408,
            101.54801819828883,
            39.293765408777,
            64.28063471995279,
            17.204650534085253,
            105.60303025955268,
            94.02127418834527,
            50.15974481593781,
            38.62641583165593,
            20.0,
            28.071337695236398,
            30.528675044947494,
            104.6900186264192,
            12.165525060596439,
            68.87670143089025,
            32.31098884280702,
            43.08131845707603,
            65.39113089708727,
            75.28612089887484,
            75.31268153505093,
            51.10772935672255,
            0.0,
            84.09518416651456,
            90.55385138137417,
            12.806248474865697,
            84.5931439302264,
            45.65084884205331,
            34.058772731852805,
            22.80350850198276,
            6.324555320336759,
            2.8284271247461903,
            99.35793878699377,
            69.9714227381436,
            16.1245154965971,
            26.0,
            72.13875518748573,
            59.93329625508679,
            64.77653896280658,
            76.15773105863909,
            44.721359549995796,
            51.61395160225576,
            66.12110101926616,
            25.45584412271571,
            96.54014708917737,
            76.57675887630658,
            36.76955262170047,
            14.142135623730951,
            43.68065933568311
        ],
        [
            48.16637831516918,
            20.591260281974,
            86.02325267042627,
            43.68065933568311,
            82.80096617793781,
            29.120439557122072,
            11.661903789690601,
            34.0,
            64.03124237432849,
            66.57326790837296,
            78.40918313565064,
            86.27861844049197,
            36.0,
            88.20430828479978,
            52.839379254491625,
            66.48308055437865,
            60.13318551349163,
            55.46169849544819,
            35.608987629529715,
            22.090722034374522,
            69.77105417004964,
            84.09518416651456,
            0.0,
            27.85677655436824,
            79.32212806020776,
            27.202941017470888,
            68.26419266350405,
            56.639209034025185,
            64.5600495662759,
            77.82030583337487,
            86.76404785393545,
            28.0,
            16.0,
            86.83317338436964,
            58.137767414994535,
            30.528675044947494,
            24.166091947189145,
            28.635642126552707,
            18.110770276274835,
            66.57326790837296,
            34.52535300326414,
            78.0,
            79.2464510246358,
            26.076809620810597,
