{
    "Number_of_customers": 44,
    "customer_1": {
        "coordinates": {
            "x": 95.0,
            "y": 7.0
        },
        "demand": 14.0
    },
    "customer_10": {
        "coordinates": {
            "x": 73.0,
            "y": 35.0
        },
        "demand": 20.0
    },
    "customer_11": {
        "coordinates": {
            "x": 17.0,
            "y": 35.0
        },
        "demand": 14.0
    },
    "customer_12": {
        "coordinates": {
            "x": 39.0,
            "y": 99.0
        },
        "demand": 18.0
    },
    "customer_13": {
        "coordinates": {
            "x": 75.0,
            "y": 77.0
        },
        "demand": 7.0
    },
    "customer_14": {
        "coordinates": {
            "x": 49.0,
            "y": 37.0
        },
        "demand": 8.0
    },
    "customer_15": {
        "coordinates": {
            "x": 85.0,
            "y": 31.0
        },
        "demand": 21.0
    },
    "customer_16": {
        "coordinates": {
            "x": 89.0,
            "y": 71.0
        },
        "demand": 8.0
    },
    "customer_17": {
        "coordinates": {
            "x": 89.0,
            "y": 43.0
        },
        "demand": 24.0
    },
    "customer_18": {
        "coordinates": {
            "x": 79.0,
            "y": 81.0
        },
        "demand": 20.0
    },
    "customer_19": {
        "coordinates": {
            "x": 45.0,
            "y": 5.0
        },
        "demand": 19.0
    },
    "customer_2": {
        "coordinates": {
            "x": 45.0,
            "y": 87.0
        },
        "demand": 1.0
    },
    "customer_20": {
        "coordinates": {
            "x": 93.0,
            "y": 69.0
        },
        "demand": 13.0
    },
    "customer_21": {
        "coordinates": {
            "x": 49.0,
            "y": 69.0
        },
        "demand": 3.0
    },
    "customer_22": {
        "coordinates": {
            "x": 63.0,
            "y": 25.0
        },
        "demand": 26.0
    },
    "customer_23": {
        "coordinates": {
            "x": 93.0,
            "y": 33.0
        },
        "demand": 17.0
    },
    "customer_24": {
        "coordinates": {
            "x": 39.0,
            "y": 45.0
        },
        "demand": 22.0
    },
    "customer_25": {
        "coordinates": {
            "x": 89.0,
            "y": 33.0
        },
        "demand": 8.0
    },
    "customer_26": {
        "coordinates": {
            "x": 47.0,
            "y": 77.0
        },
        "demand": 16.0
    },
    "customer_27": {
        "coordinates": {
            "x": 29.0,
            "y": 19.0
        },
        "demand": 20.0
    },
    "customer_28": {
        "coordinates": {
            "x": 13.0,
            "y": 65.0
        },
        "demand": 12.0
    },
    "customer_29": {
        "coordinates": {
            "x": 33.0,
            "y": 9.0
        },
        "demand": 22.0
    },
    "customer_3": {
        "coordinates": {
            "x": 15.0,
            "y": 47.0
        },
        "demand": 16.0
    },
    "customer_30": {
        "coordinates": {
            "x": 63.0,
            "y": 9.0
        },
        "demand": 20.0
    },
    "customer_31": {
        "coordinates": {
            "x": 41.0,
            "y": 13.0
        },
        "demand": 12.0
    },
    "customer_32": {
        "coordinates": {
            "x": 67.0,
            "y": 75.0
        },
        "demand": 14.0
    },
    "customer_33": {
        "coordinates": {
            "x": 41.0,
            "y": 27.0
        },
        "demand": 25.0
    },
    "customer_34": {
        "coordinates": {
            "x": 49.0,
            "y": 77.0
        },
        "demand": 17.0
    },
    "customer_35": {
        "coordinates": {
            "x": 57.0,
            "y": 81.0
        },
        "demand": 19.0
    },
    "customer_36": {
        "coordinates": {
            "x": 45.0,
            "y": 5.0
        },
        "demand": 20.0
    },
    "customer_37": {
        "coordinates": {
            "x": 83.0,
            "y": 7.0
        },
        "demand": 15.0
    },
    "customer_38": {
        "coordinates": {
            "x": 81.0,
            "y": 61.0
        },
        "demand": 2.0
    },
    "customer_39": {
        "coordinates": {
            "x": 57.0,
            "y": 81.0
        },
        "demand": 9.0
    },
    "customer_4": {
        "coordinates": {
            "x": 39.0,
            "y": 75.0
        },
        "demand": 23.0
    },
    "customer_40": {
        "coordinates": {
            "x": 93.0,
            "y": 89.0
        },
        "demand": 10.0
    },
    "customer_41": {
        "coordinates": {
            "x": 17.0,
            "y": 13.0
        },
        "demand": 6.0
    },
    "customer_42": {
        "coordinates": {
            "x": 89.0,
            "y": 27.0
        },
        "demand": 11.0
    },
    "customer_43": {
        "coordinates": {
            "x": 7.0,
            "y": 25.0
        },
        "demand": 21.0
    },
    "customer_44": {
        "coordinates": {
            "x": 35.0,
            "y": 35.0
        },
        "demand": 24.0
    },
    "customer_5": {
        "coordinates": {
            "x": 55.0,
            "y": 23.0
        },
        "demand": 12.0
    },
    "customer_6": {
        "coordinates": {
            "x": 29.0,
            "y": 71.0
        },
        "demand": 6.0
    },
    "customer_7": {
        "coordinates": {
            "x": 87.0,
            "y": 79.0
        },
        "demand": 5.0
    },
    "customer_8": {
        "coordinates": {
            "x": 75.0,
            "y": 63.0
        },
        "demand": 1.0
    },
    "customer_9": {
        "coordinates": {
            "x": 65.0,
            "y": 61.0
        },
        "demand": 13.0
    },
    "depart": {
        "coordinates": {
            "x": 61.0,
            "y": 99.0
        },
        "demand": 0.0
    },
    "distance_matrix": [
        [
            0.0,
            98.08159868191383,
            20.0,
            69.42621983083913,
            32.55764119219941,
            76.23647421018367,
            42.5205832509386,
            32.802438933713454,
            38.62641583165593,
            38.2099463490856,
            65.11528238439882,
            77.6659513557904,
            22.0,
            26.076809620810597,
            63.150613615387776,
            72.11102550927978,
            39.59797974644666,
            62.609903369994115,
            25.45584412271571,
            95.35197952848173,
            43.86342439892262,
            32.31098884280702,
            74.02702209328699,
            73.348483283569,
            58.309518948453004,
            71.69379331573968,
            26.076809620810597,
            86.16263691415206,
            58.82176467941097,
            94.25497334358543,
            90.02221947941518,
            88.29496021857646,
            24.73863375370596,
            74.72616676907762,
            25.059928172283335,
            18.439088914585774,
            95.35197952848173,
            94.59386872308374,
            42.941821107167776,
            18.439088914585774,
            33.52610922848042,
            96.60227740586657,
            77.25283166331187,
            91.60785992479029,
            69.07966415668217
        ],
        [
            98.08159868191383,
            0.0,
            94.33981132056604,
            89.44271909999159,
            88.09086218218096,
            43.08131845707603,
            91.93475947648963,
            72.44308110509934,
            59.464274989274024,
            61.773780845922005,
            35.608987629529715,
            82.87339742040264,
            107.70329614269008,
            72.80109889280519,
            54.91812087098393,
            26.0,
            64.28063471995279,
            36.49657518178932,
            75.7099729229908,
            50.039984012787215,
            62.03224967708329,
            77.20103626247513,
            36.71511950137164,
            26.076809620810597,
            67.67569726275453,
            26.68332812825267,
            84.87638069569178,
            67.08203932499369,
            100.43903623591775,
            62.03224967708329,
            32.0624390837628,
            54.3323108288245,
            73.53910524340094,
            57.584720195551874,
            83.7615663654877,
            83.18653737234169,
            50.039984012787215,
            12.0,
            55.78530272392541,
            83.18653737234169,
            82.02438661763951,
            78.23042886243178,
            20.8806130178211,
            89.82204629154248,
            66.2117814289874
        ],
        [
            20.0,
            94.33981132056604,
            0.0,
            50.0,
            13.416407864998739,
            64.77653896280658,
            22.627416997969522,
            42.7551166528639,
            38.41874542459709,
            32.802438933713454,
            59.0592922409336,
            59.0592922409336,
            13.416407864998739,
            31.622776601683793,
            50.15974481593781,
            68.81860213634101,
            46.8187996428785,
            62.22539674441618,
            34.52535300326414,
            82.0,
            51.264022471905186,
            18.439088914585774,
            64.5600495662759,
            72.24956747275377,
            42.42640687119285,
            69.65629906907199,
            10.198039027185569,
            69.85699678629192,
            38.8329756778952,
            78.91767862779544,
            80.049984384758,
            74.10802925459562,
            25.059928172283335,
            60.13318551349163,
            10.770329614269007,
            13.416407864998739,
            82.0,
            88.56635930193812,
            44.40720662234904,
            13.416407864998739,
            48.041648597857254,
            79.12016177940993,
            74.4043009509531,
            72.71863585079137,
            52.952809179494906
        ],
        [
            69.42621983083913,
            89.44271909999159,
            50.0,
            0.0,
            36.87817782917155,
            46.647615158762406,
            27.784887978899608,
            78.79086241436883,
            62.0966987850401,
            51.92301994298868,
            59.22837157984339,
            12.165525060596439,
            57.271284253105414,
            67.08203932499369,
            35.4400902933387,
            71.80529228406496,
            77.79460135510689,
            74.10802925459562,
            72.47068372797375,
            51.61395160225576,
            81.04319835741924,
            40.496913462633174,
            52.80151512977634,
            79.2464510246358,
            24.08318915758459,
            75.31268153505093,
            43.86342439892262,
            31.304951684997057,
            18.110770276274835,
            42.04759208325728,
            61.220911460055866,
            42.80186911806539,
            59.0592922409336,
            32.802438933713454,
            45.34313619501854,
            54.037024344425184,
            51.61395160225576,
            78.89233169326408,
            67.468511173732,
            54.037024344425184,
            88.58893836140041,
            34.058772731852805,
            76.6550715869472,
            23.40939982143925,
            23.323807579381203
        ],
        [
            32.55764119219941,
            88.09086218218096,
            13.416407864998739,
            36.87817782917155,
            0.0,
            54.405882034941776,
            10.770329614269007,
            48.16637831516918,
            37.94733192202055,
            29.5296461204668,
            52.49761899362675,
            45.65084884205331,
            24.0,
            36.05551275463989,
            39.293765408777,
            63.655321851358195,
            50.15974481593781,
            59.36328831862332,
            40.44749683231337,
            70.25667228100119,
            54.3323108288245,
            11.661903789690601,
            55.46169849544819,
            68.41052550594829,
            30.0,
            65.29931086925804,
            8.246211251235321,
            56.88585061331157,
            27.85677655436824,
            66.27216610312357,
            70.22819946431775,
            62.03224967708329,
            28.0,
            48.041648597857254,
            10.198039027185569,
            18.973665961010276,
            70.25667228100119,
            80.99382692526635,
            44.27188724235731,
            18.973665961010276,
            55.78530272392541,
            65.7875368135941,
            69.31089380465383,
            59.36328831862332,
            40.19950248448356
        ],
        [
            76.23647421018367,
            43.08131845707603,
            64.77653896280658,
            46.647615158762406,
            54.405882034941776,
            0.0,
            54.589376255824725,
            64.4980619863884,
            44.721359549995796,
            39.293765408777,
            21.633307652783937,
            39.84971769034255,
            77.6659513557904,
            57.584720195551874,
            15.231546211727817,
            31.04834939252005,
            58.82176467941097,
            39.44616584663204,
            62.76941930590086,
            20.591260281974,
            59.665735560705194,
            46.389654018972806,
            8.246211251235321,
            39.293765408777,
            27.202941017470888,
            35.4400902933387,
            54.589376255824725,
            26.30589287593181,
            59.39696961966999,
            26.076809620810597,
            16.1245154965971,
            17.204650534085253,
            53.36665625650534,
            14.560219778561036,
            54.3323108288245,
            58.034472514187634,
            20.591260281974,
            32.2490309931942,
            46.04345773288535,
            58.034472514187634,
            76.15773105863909,
            39.293765408777,
            34.23448553724738,
            48.041648597857254,
            23.323807579381203
        ],
        [
            42.5205832509386,
            91.93475947648963,
            22.627416997969522,
            27.784887978899608,
            10.770329614269007,
            54.589376255824725,
            0.0,
            58.54912467321779,
            46.69047011971501,
            37.36308338453881,
            56.85068161420758,
            37.94733192202055,
            29.732137494637012,
            46.389654018972806,
            39.44616584663204,
            68.81860213634101,
            60.0,
            66.2117814289874,
            50.99019513592785,
            67.91170738539859,
            64.03124237432849,
            20.09975124224178,
            57.201398584300364,
            74.43117626371358,
            27.85677655436824,
            71.02112361825881,
            18.973665961010276,
            52.0,
            17.08800749063506,
            62.12889826803627,
            70.71067811865476,
            59.22837157984339,
            38.2099463490856,
            45.60701700396552,
            20.8806130178211,
            29.732137494637012,
            67.91170738539859,
            83.73768566183328,
            52.952809179494906,
            29.732137494637012,
            66.48308055437865,
            59.22837157984339,
            74.4043009509531,
            50.99019513592785,
            36.49657518178932
        ],
        [
            32.802438933713454,
            72.44308110509934,
            42.7551166528639,
            78.79086241436883,
            48.16637831516918,
            64.4980619863884,
            58.54912467321779,
            0.0,
            20.0,
            28.42534080710379,
            46.17358552246078,
            82.68010643437755,
            52.0,
            12.165525060596439,
            56.639209034025185,
            48.041648597857254,
            8.246211251235321,
            36.05551275463989,
            8.246211251235321,
            85.0881895447306,
            11.661903789690601,
            39.293765408777,
            59.09314681077663,
            46.389654018972806,
            58.82176467941097,
            46.04345773288535,
            40.049968789001575,
            83.45058418010026,
            75.31268153505093,
            88.40814442120137,
            74.0,
            80.44874144447506,
            20.396078054371138,
            69.42621983083913,
            38.05259518088089,
            30.066592756745816,
            85.0881895447306,
            72.11102550927978,
            18.973665961010276,
            30.066592756745816,
            11.661903789690601,
            96.20810776644555,
            52.03844732503075,
            96.51942809610924,
            68.11754546370561
        ],
        [
            38.62641583165593,
            59.464274989274024,
            38.41874542459709,
            62.0966987850401,
            37.94733192202055,
            44.721359549995796,
            46.69047011971501,
            20.0,
            0.0,
            10.198039027185569,
            28.071337695236398,
            64.40496875241847,
            50.91168824543142,
            14.0,
            36.76955262170047,
            33.52610922848042,
            16.1245154965971,
            24.413111231467404,
            18.439088914585774,
            65.29931086925804,
            18.973665961010276,
            26.68332812825267,
            39.84971769034255,
            34.9857113690718,
            40.24922359499622,
            33.1058907144937,
            31.304951684997057,
            63.655321851358195,
            62.03224967708329,
            68.41052550594829,
            55.31726674375732,
            60.4648658313239,
            14.422205101855956,
            49.51767361255979,
            29.5296461204668,
            25.45584412271571,
            65.29931086925804,
            56.568542494923804,
            6.324555320336759,
            25.45584412271571,
            31.622776601683793,
            76.57675887630658,
            38.62641583165593,
            77.89736837660179,
            48.82622246293481
        ],
        [
            38.2099463490856,
            61.773780845922005,
            32.802438933713454,
            51.92301994298868,
            29.5296461204668,
            39.293765408777,
            37.36308338453881,
            28.42534080710379,
            10.198039027185569,
            0.0,
            27.202941017470888,
            54.589376255824725,
            46.04345773288535,
            18.867962264113206,
            28.844410203711913,
            36.05551275463989,
            26.0,
            30.0,
            24.413111231467404,
            59.464274989274024,
            29.120439557122072,
            17.88854381999832,
            36.05551275463989,
            39.59797974644666,
            30.528675044947494,
            36.87817782917155,
            24.08318915758459,
            55.31726674375732,
            52.15361924162119,
            61.05735008989499,
            52.03844732503075,
            53.665631459994955,
            14.142135623730951,
            41.617304093369626,
            22.627416997969522,
            21.540659228538015,
            59.464274989274024,
            56.92099788303083,
            16.0,
            21.540659228538015,
            39.59797974644666,
            67.88225099390856,
            41.617304093369626,
            68.26419266350405,
            39.698866482558415
        ],
        [
            65.11528238439882,
            35.608987629529715,
            59.0592922409336,
            59.22837157984339,
            52.49761899362675,
            21.633307652783937,
            56.85068161420758,
            46.17358552246078,
            28.071337695236398,
            27.202941017470888,
            0.0,
            56.0,
            72.47068372797375,
            42.04759208325728,
            24.08318915758459,
            12.649110640673518,
            39.395431207184416,
            17.88854381999832,
            46.389654018972806,
            41.036569057366385,
            39.44616584663204,
            41.617304093369626,
            14.142135623730951,
            20.09975124224178,
            35.4400902933387,
            16.1245154965971,
            49.39635614091387,
            46.8187996428785,
            67.08203932499369,
            47.70744176750625,
            27.85677655436824,
            38.8329756778952,
            40.44749683231337,
            32.984845004941285,
            48.373546489791295,
            48.703182647543684,
            41.036569057366385,
            29.732137494637012,
            27.202941017470888,
            48.703182647543684,
            57.584720195551874,
            60.166435825965294,
            17.88854381999832,
            66.75327707311455,
            38.0
        ],
        [
            77.6659513557904,
            82.87339742040264,
            59.0592922409336,
            12.165525060596439,
            45.65084884205331,
            39.84971769034255,
            37.94733192202055,
            82.68010643437755,
            64.40496875241847,
            54.589376255824725,
            56.0,
            0.0,
            67.67569726275453,
            71.61005515987263,
            32.0624390837628,
            68.11754546370561,
            80.49844718999243,
            72.44308110509934,
            77.20103626247513,
            41.036569057366385,
            83.2586331859946,
            46.69047011971501,
            47.07440918375928,
            76.02631123499285,
            24.166091947189145,
            72.02777242147643,
            51.61395160225576,
            20.0,
            30.265491900843113,
            30.528675044947494,
            52.839379254491625,
            32.55764119219941,
            64.03124237432849,
            25.298221281347036,
            52.80151512977634,
            60.959002616512684,
            41.036569057366385,
            71.69379331573968,
            69.07966415668217,
            60.959002616512684,
            93.23089616645332,
            22.0,
            72.44308110509934,
            14.142135623730951,
            18.0
        ],
        [
            22.0,
            107.70329614269008,
            13.416407864998739,
            57.271284253105414,
            24.0,
            77.6659513557904,
            29.732137494637012,
            52.0,
            50.91168824543142,
            46.04345773288535,
            72.47068372797375,
            67.67569726275453,
            0.0,
            42.190046219457976,
            62.80127387243033,
            82.09750300709517,
            57.30619512757761,
            75.07329751649384,
            43.86342439892262,
            94.19129471453293,
            61.773780845922005,
            31.622776601683793,
            77.79460135510689,
            85.27602242131137,
            54.0,
            82.80096617793781,
            23.40939982143925,
            80.62257748298549,
            42.80186911806539,
            90.19977827023745,
            93.14504817756014,
            86.02325267042627,
            36.87817782917155,
            72.02777242147643,
            24.166091947189145,
            25.45584412271571,
            94.19129471453293,
            101.9803902718557,
            56.639209034025185,
            25.45584412271571,
            54.91812087098393,
            88.76936408468859,
            87.65842800324451,
            80.62257748298549,
            64.1248781675256
        ],
        [
            26.076809620810597,
            72.80109889280519,
            31.622776601683793,
            67.08203932499369,
            36.05551275463989,
            57.584720195551874,
            46.389654018972806,
            12.165525060596439,
            14.0,
            18.867962264113206,
            42.04759208325728,
            71.61005515987263,
            42.190046219457976,
            0.0,
            47.70744176750625,
            47.07440918375928,
            15.231546211727817,
            36.76955262170047,
            5.656854249492381,
            78.0,
            19.697715603592208,
            27.202941017470888,
            53.36665625650534,
            47.53945729601885,
            48.16637831516918,
            46.17358552246078,
            28.0,
            74.02702209328699,
            63.150613615387776,
            79.92496481075234,
            69.05070600652827,
            72.47068372797375,
            8.246211251235321,
            60.4648658313239,
            26.0,
            18.439088914585774,
            78.0,
            70.45565981523414,
            17.08800749063506,
            18.439088914585774,
            21.633307652783937,
            86.37129152675674,
            51.92301994298868,
            85.60373823613078,
            58.0
        ],
        [
            63.150613615387776,
            54.91812087098393,
            50.15974481593781,
            35.4400902933387,
            39.293765408777,
            15.231546211727817,
            39.44616584663204,
            56.639209034025185,
            36.76955262170047,
            28.844410203711913,
            24.08318915758459,
            32.0624390837628,
            62.80127387243033,
            47.70744176750625,
            0.0,
            36.49657518178932,
            52.49761899362675,
            40.44749683231337,
            53.25410782277739,
            32.2490309931942,
            54.405882034941776,
            32.0,
            18.439088914585774,
            44.181444068749045,
            12.806248474865697,
            40.19950248448356,
            40.049968789001575,
            26.90724809414742,
            45.60701700396552,
            32.2490309931942,
            31.304951684997057,
            25.298221281347036,
            42.04759208325728,
            12.806248474865697,
            40.0,
            44.721359549995796,
            32.2490309931942,
            45.34313619501854,
            40.0,
            44.721359549995796,
            68.11754546370561,
            40.0,
            41.23105625617661,
            43.68065933568311,
            14.142135623730951
        ],
        [
            72.11102550927978,
            26.0,
            68.81860213634101,
            71.80529228406496,
            63.655321851358195,
            31.04834939252005,
            68.81860213634101,
            48.041648597857254,
            33.52610922848042,
            36.05551275463989,
            12.649110640673518,
            68.11754546370561,
            82.09750300709517,
            47.07440918375928,
            36.49657518178932,
            0.0,
            40.19950248448356,
            12.649110640673518,
            50.35871324805669,
            47.70744176750625,
            38.8329756778952,
            52.3450093132096,
            22.80350850198276,
            8.246211251235321,
            48.08326112068523,
            4.47213595499958,
            59.665735560705194,
            57.271284253105414,
            79.62411694957753,
            56.462376853972415,
            31.11269837220809,
            47.53945729601885,
            47.53945729601885,
            44.181444068749045,
            58.412327466040935,
            57.30619512757761,
            47.70744176750625,
            24.08318915758459,
            30.265491900843113,
            57.30619512757761,
            58.54912467321779,
            70.3420215802759,
            5.656854249492381,
            78.23042886243178,
            50.15974481593781
        ],
        [
            39.59797974644666,
            64.28063471995279,
            46.8187996428785,
            77.79460135510689,
            50.15974481593781,
            58.82176467941097,
            60.0,
            8.246211251235321,
            16.1245154965971,
            26.0,
            39.395431207184416,
            80.49844718999243,
            57.30619512757761,
            15.231546211727817,
            52.49761899362675,
            40.19950248448356,
            0.0,
            28.0,
            14.142135623730951,
            79.32212806020776,
            4.47213595499958,
            40.049968789001575,
            52.839379254491625,
            38.2099463490856,
            56.356011214421486,
            38.0,
            42.42640687119285,
            79.39773296511683,
            76.23647421018367,
            83.54639429682169,
            67.23094525588644,
            75.28612089887484,
            22.360679774997898,
            65.11528238439882,
            40.44749683231337,
            33.52610922848042,
            79.32212806020776,
            64.28063471995279,
            12.806248474865697,
            33.52610922848042,
            18.439088914585774,
            92.45539465060976,
            44.0,
            94.02127418834527,
            64.89992295835181
        ],
        [
            62.609903369994115,
            36.49657518178932,
            62.22539674441618,
            74.10802925459562,
            59.36328831862332,
            39.44616584663204,
            66.2117814289874,
            36.05551275463989,
            24.413111231467404,
            30.0,
            17.88854381999832,
            72.44308110509934,
            75.07329751649384,
            36.76955262170047,
            40.44749683231337,
            12.649110640673518,
            28.0,
            0.0,
            39.293765408777,
            58.137767414994535,
            26.30589287593181,
            47.70744176750625,
            31.622776601683793,
            10.770329614269007,
            50.039984012787215,
            10.0,
            54.037024344425184,
            64.62197768561404,
            79.12016177940993,
            65.5133574166368,
            42.80186911806539,
            56.60388679233962,
            38.8329756778952,
            50.59644256269407,
            52.49761899362675,
            49.678969393496885,
            58.137767414994535,
            36.49657518178932,
            19.697715603592208,
            49.678969393496885,
            46.17358552246078,
            78.0,
            16.0,
            83.95236744726142,
            54.589376255824725
        ],
        [
            25.45584412271571,
            75.7099729229908,
            34.52535300326414,
            72.47068372797375,
            40.44749683231337,
            62.76941930590086,
            50.99019513592785,
            8.246211251235321,
            18.439088914585774,
            24.413111231467404,
            46.389654018972806,
            77.20103626247513,
            43.86342439892262,
            5.656854249492381,
            53.25410782277739,
            50.35871324805669,
            14.142135623730951,
            39.293765408777,
            0.0,
            83.2586331859946,
            18.439088914585774,
            32.31098884280702,
            58.240879114244144,
            50.0,
            53.81449618829484,
            49.03060268852505,
            32.2490309931942,
            79.64923100695951,
            67.91170738539859,
            85.44003745317531,
            73.7563556583431,
            77.89736837660179,
            13.416407864998739,
            66.03029607687671,
            30.265491900843113,
            22.0,
            83.2586331859946,
            74.10802925459562,
            20.09975124224178,
            22.0,
            16.1245154965971,
            92.02173656261873,
            54.91812087098393,
            91.21403400793103,
            63.655321851358195
        ],
        [
            95.35197952848173,
            50.039984012787215,
            82.0,
            51.61395160225576,
            70.25667228100119,
            20.591260281974,
            67.91170738539859,
            85.0881895447306,
            65.29931086925804,
            59.464274989274024,
            41.036569057366385,
            41.036569057366385,
            94.19129471453293,
            78.0,
            32.2490309931942,
            47.70744176750625,
            79.32212806020776,
            58.137767414994535,
            83.2586331859946,
            0.0,
            80.0,
            64.1248781675256,
            26.90724809414742,
            55.569775957799216,
            40.44749683231337,
            52.15361924162119,
            72.02777242147643,
            21.2602916254693,
            68.0,
            12.649110640673518,
            18.439088914585774,
            8.94427190999916,
            73.37574531137656,
            22.360679774997898,
            72.11102550927978,
            76.94153624668537,
            0.0,
            38.05259518088089,
            66.57326790837296,
            76.94153624668537,
            96.74709297958259,
            29.120439557122072,
            49.193495504995376,
            42.941821107167776,
            31.622776601683793
        ],
        [
            43.86342439892262,
            62.03224967708329,
            51.264022471905186,
            81.04319835741924,
            54.3323108288245,
            59.665735560705194,
            64.03124237432849,
            11.661903789690601,
            18.973665961010276,
            29.120439557122072,
            39.44616584663204,
            83.2586331859946,
            61.773780845922005,
            19.697715603592208,
            54.405882034941776,
            38.8329756778952,
            4.47213595499958,
            26.30589287593181,
            18.439088914585774,
            80.0,
            0.0,
            44.0,
            53.25410782277739,
            36.0,
            59.09314681077663,
            36.22154055254967,
            46.69047011971501,
            81.21576201698781,
            80.09993757800315,
            84.8528137423857,
            67.08203932499369,
            76.4198926981712,
            26.68332812825267,
            66.84309986827361,
            44.721359549995796,
            37.94733192202055,
            80.0,
            62.80127387243033,
            14.422205101855956,
            37.94733192202055,
            20.0,
            94.40338976964757,
            42.190046219457976,
            96.60227740586657,
            67.23094525588644
        ],
        [
            32.31098884280702,
            77.20103626247513,
            18.439088914585774,
            40.496913462633174,
            11.661903789690601,
            46.389654018972806,
            20.09975124224178,
            39.293765408777,
            26.68332812825267,
            17.88854381999832,
            41.617304093369626,
            46.69047011971501,
            31.622776601683793,
            27.202941017470888,
            32.0,
            52.3450093132096,
            40.049968789001575,
            47.70744176750625,
            32.31098884280702,
            64.1248781675256,
            44.0,
            0.0,
            46.17358552246078,
            56.85068161420758,
            26.0,
            53.81449618829484,
            8.246211251235321,
            53.85164807134504,
            36.22154055254967,
            62.0966987850401,
            61.61168720299745,
            56.568542494923804,
            18.973665961010276,
            42.7551166528639,
            8.0,
            14.422205101855956,
            64.1248781675256,
            70.71067811865476,
            32.984845004941285,
            14.422205101855956,
            48.33218389437829,
            64.4980619863884,
            58.0,
            60.8276253029822,
            36.76955262170047
        ],
        [
            74.02702209328699,
            36.71511950137164,
            64.5600495662759,
            52.80151512977634,
            55.46169849544819,
            8.246211251235321,
            57.201398584300364,
            59.09314681077663,
            39.84971769034255,
            36.05551275463989,
            14.142135623730951,
            47.07440918375928,
            77.79460135510689,
            53.36665625650534,
            18.439088914585774,
            22.80350850198276,
            52.839379254491625,
            31.622776601683793,
            58.240879114244144,
            26.90724809414742,
            53.25410782277739,
            46.17358552246078,
            0.0,
            31.04834939252005,
            31.240998703626616,
            27.202941017470888,
            54.405882034941776,
            34.52535300326414,
            64.03124237432849,
            34.0,
            16.0,
            25.059928172283335,
            50.15974481593781,
            22.090722034374522,
            53.85164807134504,
            56.32051136131489,
            26.90724809414742,
            26.90724809414742,
            40.24922359499622,
            56.32051136131489,
            70.68238818828917,
            47.53945729601885,
            26.076809620810597,
            56.0,
            29.732137494637012
        ],
        [
            73.348483283569,
            26.076809620810597,
            72.24956747275377,
            79.2464510246358,
            68.41052550594829,
            39.293765408777,
            74.43117626371358,
            46.389654018972806,
            34.9857113690718,
            39.59797974644666,
            20.09975124224178,
            76.02631123499285,
            85.27602242131137,
            47.53945729601885,
            44.181444068749045,
            8.246211251235321,
            38.2099463490856,
            10.770329614269007,
            50.0,
            55.569775957799216,
            36.0,
            56.85068161420758,
            31.04834939252005,
            0.0,
            55.31726674375732,
            4.0,
            63.655321851358195,
            65.5133574166368,
            86.16263691415206,
            64.62197768561404,
            38.41874542459709,
            55.71355310873648,
            49.39635614091387,
            52.3450093132096,
            62.22539674441618,
            60.0,
            55.569775957799216,
            27.85677655436824,
            30.463092423455635,
            60.0,
            56.0,
            78.587530817554,
            7.211102550927978,
            86.37129152675674,
            58.034472514187634
        ],
        [
            58.309518948453004,
            67.67569726275453,
            42.42640687119285,
            24.08318915758459,
            30.0,
            27.202941017470888,
            27.85677655436824,
            58.82176467941097,
            40.24922359499622,
            30.528675044947494,
            35.4400902933387,
            24.166091947189145,
            54.0,
            48.16637831516918,
            12.806248474865697,
            48.08326112068523,
            56.356011214421486,
            50.039984012787215,
            53.81449618829484,
            40.44749683231337,
            59.09314681077663,
            26.0,
            31.240998703626616,
            55.31726674375732,
            0.0,
            51.419840528729765,
            32.984845004941285,
            27.85677655436824,
            32.802438933713454,
            36.49657518178932,
            43.266615305567875,
            32.0624390837628,
            41.036569057366385,
            18.110770276274835,
            33.52610922848042,
            40.24922359499622,
            40.44749683231337,
            58.137767414994535,
            44.94441010848846,
            40.24922359499622,
            69.65629906907199,
            38.8329756778952,
