{
    "Number_of_customers": 45,
    "customer_1": {
        "coordinates": {
            "x": 7.0,
            "y": 75.0
        },
        "demand": 12.0
    },
    "customer_10": {
        "coordinates": {
            "x": 37.0,
            "y": 13.0
        },
        "demand": 15.0
    },
    "customer_11": {
        "coordinates": {
            "x": 37.0,
            "y": 51.0
        },
        "demand": 7.0
    },
    "customer_12": {
        "coordinates": {
            "x": 27.0,
            "y": 31.0
        },
        "demand": 24.0
    },
    "customer_13": {
        "coordinates": {
            "x": 95.0,
            "y": 31.0
        },
        "demand": 10.0
    },
    "customer_14": {
        "coordinates": {
            "x": 87.0,
            "y": 43.0
        },
        "demand": 12.0
    },
    "customer_15": {
        "coordinates": {
            "x": 23.0,
            "y": 65.0
        },
        "demand": 23.0
    },
    "customer_16": {
        "coordinates": {
            "x": 9.0,
            "y": 51.0
        },
        "demand": 13.0
    },
    "customer_17": {
        "coordinates": {
            "x": 73.0,
            "y": 81.0
        },
        "demand": 19.0
    },
    "customer_18": {
        "coordinates": {
            "x": 3.0,
            "y": 1.0
        },
        "demand": 9.0
    },
    "customer_19": {
        "coordinates": {
            "x": 41.0,
            "y": 61.0
        },
        "demand": 12.0
    },
    "customer_2": {
        "coordinates": {
            "x": 77.0,
            "y": 1.0
        },
        "demand": 26.0
    },
    "customer_20": {
        "coordinates": {
            "x": 29.0,
            "y": 81.0
        },
        "demand": 6.0
    },
    "customer_21": {
        "coordinates": {
            "x": 51.0,
            "y": 95.0
        },
        "demand": 9.0
    },
    "customer_22": {
        "coordinates": {
            "x": 49.0,
            "y": 25.0
        },
        "demand": 22.0
    },
    "customer_23": {
        "coordinates": {
            "x": 81.0,
            "y": 53.0
        },
        "demand": 18.0
    },
    "customer_24": {
        "coordinates": {
            "x": 7.0,
            "y": 51.0
        },
        "demand": 19.0
    },
    "customer_25": {
        "coordinates": {
            "x": 21.0,
            "y": 5.0
        },
        "demand": 20.0
    },
    "customer_26": {
        "coordinates": {
            "x": 91.0,
            "y": 35.0
        },
        "demand": 24.0
    },
    "customer_27": {
        "coordinates": {
            "x": 17.0,
            "y": 81.0
        },
        "demand": 10.0
    },
    "customer_28": {
        "coordinates": {
            "x": 61.0,
            "y": 69.0
        },
        "demand": 4.0
    },
    "customer_29": {
        "coordinates": {
            "x": 27.0,
            "y": 97.0
        },
        "demand": 20.0
    },
    "customer_3": {
        "coordinates": {
            "x": 51.0,
            "y": 25.0
        },
        "demand": 1.0
    },
    "customer_30": {
        "coordinates": {
            "x": 83.0,
            "y": 23.0
        },
        "demand": 15.0
    },
    "customer_31": {
        "coordinates": {
            "x": 21.0,
            "y": 93.0
        },
        "demand": 13.0
    },
    "customer_32": {
        "coordinates": {
            "x": 59.0,
            "y": 31.0
        },
        "demand": 12.0
    },
    "customer_33": {
        "coordinates": {
            "x": 27.0,
            "y": 53.0
        },
        "demand": 3.0
    },
    "customer_34": {
        "coordinates": {
            "x": 9.0,
            "y": 91.0
        },
        "demand": 7.0
    },
    "customer_35": {
        "coordinates": {
            "x": 11.0,
            "y": 27.0
        },
        "demand": 18.0
    },
    "customer_36": {
        "coordinates": {
            "x": 59.0,
            "y": 41.0
        },
        "demand": 3.0
    },
    "customer_37": {
        "coordinates": {
            "x": 67.0,
            "y": 1.0
        },
        "demand": 23.0
    },
    "customer_38": {
        "coordinates": {
            "x": 77.0,
            "y": 39.0
        },
        "demand": 1.0
    },
    "customer_39": {
        "coordinates": {
            "x": 47.0,
            "y": 29.0
        },
        "demand": 17.0
    },
    "customer_4": {
        "coordinates": {
            "x": 81.0,
            "y": 25.0
        },
        "demand": 20.0
    },
    "customer_40": {
        "coordinates": {
            "x": 3.0,
            "y": 89.0
        },
        "demand": 13.0
    },
    "customer_41": {
        "coordinates": {
            "x": 33.0,
            "y": 87.0
        },
        "demand": 6.0
    },
    "customer_42": {
        "coordinates": {
            "x": 17.0,
            "y": 45.0
        },
        "demand": 22.0
    },
    "customer_43": {
        "coordinates": {
            "x": 91.0,
            "y": 41.0
        },
        "demand": 20.0
    },
    "customer_44": {
        "coordinates": {
            "x": 23.0,
            "y": 3.0
        },
        "demand": 21.0
    },
    "customer_45": {
        "coordinates": {
            "x": 97.0,
            "y": 61.0
        },
        "demand": 2.0
    },
    "customer_5": {
        "coordinates": {
            "x": 59.0,
            "y": 37.0
        },
        "demand": 2.0
    },
    "customer_6": {
        "coordinates": {
            "x": 93.0,
            "y": 45.0
        },
        "demand": 13.0
    },
    "customer_7": {
        "coordinates": {
            "x": 43.0,
            "y": 21.0
        },
        "demand": 20.0
    },
    "customer_8": {
        "coordinates": {
            "x": 35.0,
            "y": 53.0
        },
        "demand": 7.0
    },
    "customer_9": {
        "coordinates": {
            "x": 77.0,
            "y": 63.0
        },
        "demand": 10.0
    },
    "depart": {
        "coordinates": {
            "x": 75.0,
            "y": 55.0
        },
        "demand": 0.0
    },
    "distance_matrix": [
        [
            0.0,
            70.8801805866774,
            54.037024344425184,
            38.41874542459709,
            30.59411708155671,
            24.08318915758459,
            20.591260281974,
            46.69047011971501,
            40.049968789001575,
            8.246211251235321,
            56.639209034025185,
            38.2099463490856,
            53.665631459994955,
            31.240998703626616,
            16.97056274847714,
            52.952809179494906,
            66.12110101926616,
            26.076809620810597,
            90.0,
            34.52535300326414,
            52.839379254491625,
            46.647615158762406,
            39.698866482558415,
            6.324555320336759,
            68.11754546370561,
            73.59347797189639,
            25.612496949731394,
            63.56099432828282,
            19.79898987322333,
            63.7808748764079,
            32.984845004941285,
            66.03029607687671,
            28.844410203711913,
            48.041648597857254,
            75.17978451685,
            69.85699678629192,
            21.2602916254693,
            54.589376255824725,
            16.1245154965971,
            38.2099463490856,
            79.62411694957753,
            52.80151512977634,
            58.855755878248644,
            21.2602916254693,
            73.53910524340094,
            22.80350850198276
        ],
        [
            70.8801805866774,
            0.0,
            101.86265262597475,
            66.60330322138685,
            89.30845424706443,
            64.40496875241847,
            91.0823802938856,
            64.89992295835181,
            35.608987629529715,
            71.02112361825881,
            68.87670143089025,
            38.41874542459709,
            48.33218389437829,
            98.38699100999075,
            86.16263691415206,
            18.867962264113206,
            24.08318915758459,
            66.27216610312357,
            74.10802925459562,
            36.76955262170047,
            22.80350850198276,
            48.33218389437829,
            65.29931086925804,
            77.20103626247513,
            24.0,
            71.386273190299,
            93.03762679690406,
            11.661903789690601,
            54.3323108288245,
            29.732137494637012,
            92.0869154657707,
            22.80350850198276,
            68.11754546370561,
            29.732137494637012,
            16.1245154965971,
            48.16637831516918,
            62.12889826803627,
            95.26804291051643,
            78.71467461661771,
            60.959002616512684,
            14.560219778561036,
            28.635642126552707,
            31.622776601683793,
            90.62008607367353,
            73.7563556583431,
            91.0823802938856
        ],
        [
            54.037024344425184,
            101.86265262597475,
            0.0,
            35.38361202590826,
            24.331050121192877,
            40.24922359499622,
            46.8187996428785,
            39.44616584663204,
            66.84309986827361,
            62.0,
            41.7612260356422,
            64.03124237432849,
            58.309518948453004,
            34.9857113690718,
            43.174066289845804,
            83.73768566183328,
            84.40379138403677,
            80.09993757800315,
            74.0,
            69.9714227381436,
            93.29523031752481,
            97.52948272189288,
            36.87817782917155,
            52.15361924162119,
            86.02325267042627,
            56.142675390472796,
            36.76955262170047,
            100.0,
            69.85699678629192,
            108.24047302187847,
            22.80350850198276,
            107.70329614269008,
            34.9857113690718,
            72.13875518748573,
            112.8007092176286,
            70.9365914038728,
            43.86342439892262,
            10.0,
            38.0,
            41.036569057366385,
            114.97825881443848,
            96.60227740586657,
            74.4043009509531,
            42.37924020083418,
            54.037024344425184,
            63.245553203367585
        ],
        [
            38.41874542459709,
            66.60330322138685,
            35.38361202590826,
            0.0,
            30.0,
            14.422205101855956,
            46.51881339845203,
            8.94427190999916,
            32.2490309931942,
            46.04345773288535,
            18.439088914585774,
            29.5296461204668,
            24.73863375370596,
            44.40720662234904,
            40.24922359499622,
            48.82622246293481,
            49.39635614091387,
            60.166435825965294,
            53.665631459994955,
            37.36308338453881,
            60.166435825965294,
            70.0,
            2.0,
            41.036569057366385,
            51.10772935672255,
            36.05551275463989,
            41.23105625617661,
            65.5133574166368,
            45.12205669071391,
            75.8946638440411,
            32.0624390837628,
            74.32361670424818,
            10.0,
            36.87817782917155,
            78.23042886243178,
            40.049968789001575,
            17.88854381999832,
            28.844410203711913,
            29.5296461204668,
            5.656854249492381,
            80.0,
            64.5600495662759,
            39.44616584663204,
            43.08131845707603,
            35.608987629529715,
            58.412327466040935
        ],
        [
            30.59411708155671,
            89.30845424706443,
            24.331050121192877,
            30.0,
            0.0,
            25.059928172283335,
            23.323807579381203,
            38.2099463490856,
            53.85164807134504,
            38.2099463490856,
            45.60701700396552,
            51.10772935672255,
            54.3323108288245,
            15.231546211727817,
            18.973665961010276,
            70.45565981523414,
            76.55063683601855,
            56.568542494923804,
            81.60882305241266,
            53.81449618829484,
            76.4198926981712,
            76.15773105863909,
            32.0,
            28.0,
            78.43468620451031,
            63.245553203367585,
            14.142135623730951,
            85.0411665018772,
            48.33218389437829,
            90.0,
            2.8284271247461903,
            90.68627239003708,
            22.80350850198276,
            60.8276253029822,
            97.67292357659824,
            70.02856560004639,
            27.202941017470888,
            27.784887978899608,
            14.560219778561036,
            34.23448553724738,
            100.89598604503551,
            78.40918313565064,
            67.05221845696084,
            18.867962264113206,
            62.03224967708329,
            39.395431207184416
        ],
        [
            24.08318915758459,
            64.40496875241847,
            40.24922359499622,
            14.422205101855956,
            25.059928172283335,
            0.0,
            34.92849839314596,
            22.627416997969522,
            28.844410203711913,
            31.622776601683793,
            32.55764119219941,
            26.076809620810597,
            32.55764119219941,
            36.49657518178932,
            28.635642126552707,
            45.60701700396552,
            51.92301994298868,
            46.17358552246078,
            66.57326790837296,
            30.0,
            53.25410782277739,
            58.54912467321779,
            15.620499351813308,
            27.202941017470888,
            53.85164807134504,
            49.678969393496885,
            32.0624390837628,
            60.8276253029822,
            32.0624390837628,
            68.0,
            27.784887978899608,
            67.67569726275453,
            6.0,
            35.77708763999664,
            73.59347797189639,
            49.03060268852505,
            4.0,
            36.87817782917155,
            18.110770276274835,
            14.422205101855956,
            76.4198926981712,
            56.356011214421486,
            42.7551166528639,
            32.2490309931942,
            49.51767361255979,
            44.94441010848846
        ],
        [
            20.591260281974,
            91.0823802938856,
            46.8187996428785,
            46.51881339845203,
            23.323807579381203,
            34.92849839314596,
            0.0,
            55.46169849544819,
            58.54912467321779,
            24.08318915758459,
            64.4980619863884,
            56.32051136131489,
            67.468511173732,
            14.142135623730951,
            6.324555320336759,
            72.80109889280519,
            84.2140130857092,
            41.182520563948,
            100.17983829094555,
            54.405882034941776,
            73.43023900274328,
            65.29931086925804,
            48.33218389437829,
            14.422205101855956,
            86.20904824900923,
            82.365041127896,
            10.198039027185569,
            84.09518416651456,
            40.0,
            84.02380615040002,
            24.166091947189145,
            86.53323061113575,
            36.76955262170047,
            66.48308055437865,
            95.77055915050303,
            83.95236744726142,
            34.23448553724738,
            51.10772935672255,
            17.08800749063506,
            48.703182647543684,
            100.17983829094555,
            73.23933369440222,
            76.0,
            4.47213595499958,
            81.6333265278342,
            16.492422502470642
        ],
        [
            46.69047011971501,
            64.89992295835181,
            39.44616584663204,
            8.94427190999916,
            38.2099463490856,
            22.627416997969522,
            55.46169849544819,
            0.0,
            32.984845004941285,
            54.037024344425184,
            10.0,
            30.59411708155671,
            18.867962264113206,
            52.952809179494906,
            49.193495504995376,
            48.33218389437829,
            45.34313619501854,
            67.08203932499369,
            44.721359549995796,
            40.049968789001575,
            61.61168720299745,
            74.43117626371358,
            7.211102550927978,
            49.678969393496885,
            46.861498055439924,
            27.202941017470888,
            50.0,
            65.39113089708727,
            51.264022471905186,
            77.6659513557904,
            40.049968789001575,
            75.28612089887484,
            18.867962264113206,
            35.77708763999664,
            77.82030583337487,
            32.55764119219941,
            25.612496949731394,
            31.240998703626616,
            38.47076812334269,
            8.94427190999916,
            78.89233169326408,
            66.75327707311455,
            35.38361202590826,
            52.0,
            26.90724809414742,
            67.20119046564577
        ],
        [
            40.049968789001575,
            35.608987629529715,
            66.84309986827361,
            32.2490309931942,
            53.85164807134504,
            28.844410203711913,
            58.54912467321779,
            32.984845004941285,
            0.0,
            43.174066289845804,
            40.049968789001575,
            2.8284271247461903,
            23.40939982143925,
            63.90618123468183,
            52.952809179494906,
            16.97056274847714,
            26.076809620810597,
            47.20169488482379,
            61.05735008989499,
            10.0,
            28.635642126552707,
            44.94441010848846,
            31.304951684997057,
            46.0,
            28.071337695236398,
            50.0,
            58.82176467941097,
            33.28663395418648,
            30.528675044947494,
            44.721359549995796,
            56.60388679233962,
            42.37924020083418,
            32.55764119219941,
            8.0,
            46.04345773288535,
            35.38361202590826,
            26.832815729997478,
            61.05735008989499,
            44.27188724235731,
            26.832815729997478,
            48.16637831516918,
            34.058772731852805,
            19.697715603592208,
            57.271284253105414,
            51.419840528729765,
            62.51399843235114
        ],
        [
            8.246211251235321,
            71.02112361825881,
            62.0,
            46.04345773288535,
            38.2099463490856,
            31.622776601683793,
            24.08318915758459,
            54.037024344425184,
            43.174066289845804,
            0.0,
            64.03124237432849,
            41.7612260356422,
            59.36328831862332,
            36.71511950137164,
            22.360679774997898,
            54.037024344425184,
            69.05070600652827,
            18.439088914585774,
            96.54014708917737,
            36.05551275463989,
            51.264022471905186,
            41.23105625617661,
            47.20169488482379,
            10.770329614269007,
            71.02112361825881,
            80.62257748298549,
            31.304951684997057,
            62.6418390534633,
            17.08800749063506,
            60.4648658313239,
            40.44749683231337,
            63.52952069707436,
            36.71511950137164,
            50.99019513592785,
            73.53910524340094,
            75.17978451685,
            28.42534080710379,
            62.80127387243033,
            24.0,
            45.34313619501854,
            78.43468620451031,
            50.11985634456667,
            62.6418390534633,
            26.076809620810597,
            80.72174428244226,
            20.09975124224178
        ],
        [
            56.639209034025185,
            68.87670143089025,
            41.7612260356422,
            18.439088914585774,
            45.60701700396552,
            32.55764119219941,
            64.4980619863884,
            10.0,
            40.049968789001575,
            64.03124237432849,
            0.0,
            38.0,
            20.591260281974,
            60.728905802755904,
            58.309518948453004,
            53.85164807134504,
            47.20169488482379,
            76.94153624668537,
            36.05551275463989,
            48.16637831516918,
            68.46897107449476,
            83.18653737234169,
            16.97056274847714,
            59.464274989274024,
            48.41487374764082,
            17.88854381999832,
            58.309518948453004,
            70.8801805866774,
            60.92618484691127,
            84.5931439302264,
            47.07440918375928,
            81.58431221748455,
            28.42534080710379,
            41.23105625617661,
            82.87339742040264,
            29.5296461204668,
            35.608987629529715,
            32.31098884280702,
            47.70744176750625,
            18.867962264113206,
            83.2586331859946,
            74.10802925459562,
            37.73592452822641,
            60.8276253029822,
            17.204650534085253,
            76.83749084919418
        ],
        [
            38.2099463490856,
            38.41874542459709,
            64.03124237432849,
            29.5296461204668,
            51.10772935672255,
            26.076809620810597,
            56.32051136131489,
            30.59411708155671,
            2.8284271247461903,
            41.7612260356422,
            38.0,
            0.0,
            22.360679774997898,
            61.35144660071187,
            50.635955604688654,
            19.79898987322333,
            28.0,
            46.861498055439924,
            60.4648658313239,
            10.770329614269007,
            31.04834939252005,
            46.17358552246078,
            28.635642126552707,
            44.04543109109048,
            30.0,
            48.703182647543684,
            56.32051136131489,
            36.05551275463989,
            30.0,
            47.07440918375928,
            53.85164807134504,
            44.94441010848846,
            29.732137494637012,
            10.198039027185569,
            48.82622246293481,
            35.38361202590826,
            24.166091947189145,
            58.309518948453004,
            41.7612260356422,
            24.166091947189145,
            50.99019513592785,
            36.22154055254967,
            20.8806130178211,
            54.91812087098393,
            50.0,
            60.8276253029822
        ],
        [
            53.665631459994955,
            48.33218389437829,
            58.309518948453004,
            24.73863375370596,
            54.3323108288245,
            32.55764119219941,
            67.468511173732,
            18.867962264113206,
            23.40939982143925,
            59.36328831862332,
            20.591260281974,
            22.360679774997898,
            0.0,
            68.0,
            61.18823416311342,
            34.23448553724738,
            26.90724809414742,
            67.94115100585212,
            38.41874542459709,
            33.1058907144937,
            50.039984012787215,
            68.35202996254024,
            22.80350850198276,
            58.309518948453004,
            28.284271247461902,
            26.68332812825267,
            64.1248781675256,
            50.99019513592785,
            50.99019513592785,
            66.0,
            56.568542494923804,
            62.289646009589745,
            32.0,
            22.0,
            62.6418390534633,
            16.492422502470642,
            33.52610922848042,
            50.0,
            50.635955604688654,
            20.09975124224178,
            62.76941930590086,
            56.32051136131489,
            17.204650534085253,
            64.77653896280658,
            28.284271247461902,
            76.15773105863909
        ],
        [
            31.240998703626616,
            98.38699100999075,
            34.9857113690718,
            44.40720662234904,
            15.231546211727817,
            36.49657518178932,
            14.142135623730951,
            52.952809179494906,
            63.90618123468183,
            36.71511950137164,
            60.728905802755904,
            61.35144660071187,
            68.0,
            0.0,
            14.422205101855956,
            79.62411694957753,
            88.29496021857646,
            54.62600113499065,
            96.76776322722355,
            61.773780845922005,
            82.80096617793781,
            77.6659513557904,
            46.389654018972806,
            26.076809620810597,
            90.24411338142782,
            78.43468620451031,
            5.656854249492381,
            92.64987857520376,
            50.99019513592785,
            94.76286192385707,
            14.422205101855956,
            96.54014708917737,
            36.0,
            71.47027354082255,
            104.86181383134664,
            84.09518416651456,
            37.36308338453881,
            41.036569057366385,
            19.697715603592208,
            48.041648597857254,
            108.75660899458019,
            83.54639429682169,
            79.2464510246358,
            10.770329614269007,
            77.25283166331187,
            30.066592756745816
        ],
        [
            16.97056274847714,
            86.16263691415206,
            43.174066289845804,
            40.24922359499622,
            18.973665961010276,
            28.635642126552707,
            6.324555320336759,
            49.193495504995376,
            52.952809179494906,
            22.360679774997898,
            58.309518948453004,
            50.635955604688654,
            61.18823416311342,
            14.422205101855956,
            0.0,
            67.67569726275453,
            78.40918313565064,
            40.496913462633174,
            93.91485505499116,
            49.39635614091387,
            69.33974329343886,
            63.245553203367585,
            42.04759208325728,
            11.661903789690601,
            80.39900496896712,
            76.15773105863909,
            8.94427190999916,
            79.64923100695951,
            36.76955262170047,
            80.72174428244226,
            20.396078054371138,
            82.80096617793781,
            30.463092423455635,
            60.8276253029822,
            91.58602513484249,
            77.6659513557904,
            28.071337695236398,
            46.51881339845203,
            10.770329614269007,
            42.37924020083418,
            95.77055915050303,
            69.65629906907199,
            70.02856560004639,
            4.47213595499958,
            75.47184905645283,
            20.591260281974
        ],
        [
            52.952809179494906,
            18.867962264113206,
            83.73768566183328,
            48.82622246293481,
            70.45565981523414,
            45.60701700396552,
            72.80109889280519,
            48.33218389437829,
            16.97056274847714,
            54.037024344425184,
            53.85164807134504,
            19.79898987322333,
            34.23448553724738,
            79.62411694957753,
            67.67569726275453,
            0.0,
            19.79898987322333,
            52.49761899362675,
            67.05221845696084,
            18.439088914585774,
            17.08800749063506,
            41.036569057366385,
            47.70744176750625,
            59.22837157984339,
            21.2602916254693,
            60.03332407921454,
            74.32361670424818,
            17.08800749063506,
            38.2099463490856,
            32.2490309931942,
            73.23933369440222,
            28.071337695236398,
            49.51767361255979,
            12.649110640673518,
            29.5296461204668,
            39.84971769034255,
            43.266615305567875,
            77.6659513557904,
            59.93329625508679,
            43.266615305567875,
            31.240998703626616,
            24.166091947189145,
            20.8806130178211,
            72.11102550927978,
            62.0,
            74.10802925459562
        ],
        [
            66.12110101926616,
            24.08318915758459,
            84.40379138403677,
            49.39635614091387,
            76.55063683601855,
            51.92301994298868,
            84.2140130857092,
            45.34313619501854,
            26.076809620810597,
            69.05070600652827,
            47.20169488482379,
            28.0,
            26.90724809414742,
            88.29496021857646,
            78.40918313565064,
            19.79898987322333,
            0.0,
            70.68238818828917,
            50.35871324805669,
            33.52610922848042,
            36.05551275463989,
            60.8276253029822,
            47.70744176750625,
            72.02777242147643,
            2.0,
            47.53945729601885,
            83.54639429682169,
            31.04834939252005,
            55.02726596879042,
            49.39635614091387,
            79.12016177940993,
            43.68065933568311,
            53.85164807134504,
            18.110770276274835,
            40.0,
            24.08318915758459,
            50.99019513592785,
            76.57675887630658,
            69.05070600652827,
            43.9089968002003,
            38.47076812334269,
            43.266615305567875,
            10.0,
            82.60750571225353,
            50.0,
            88.56635930193812
        ],
        [
            26.076809620810597,
            66.27216610312357,
            80.09993757800315,
            60.166435825965294,
            56.568542494923804,
            46.17358552246078,
            41.182520563948,
            67.08203932499369,
            47.20169488482379,
            18.439088914585774,
            76.94153624668537,
            46.861498055439924,
            67.94115100585212,
            54.62600113499065,
            40.496913462633174,
            52.49761899362675,
            70.68238818828917,
            0.0,
            106.30145812734649,
            37.73592452822641,
            44.0,
            26.076809620810597,
            60.92618484691127,
            29.120439557122072,
            72.49827584156743,
            92.0869154657707,
            49.39635614091387,
            56.0,
            16.97056274847714,
            48.703182647543684,
            58.855755878248644,
            53.36665625650534,
            51.92301994298868,
            53.85164807134504,
            64.77653896280658,
            82.21921916437786,
            42.37924020083418,
            80.22468448052632,
            42.190046219457976,
            58.137767414994535,
            70.45565981523414,
            40.44749683231337,
            66.57326790837296,
            43.86342439892262,
            92.64987857520376,
            31.240998703626616
        ],
        [
            90.0,
            74.10802925459562,
            74.0,
            53.665631459994955,
            81.60882305241266,
            66.57326790837296,
            100.17983829094555,
            44.721359549995796,
            61.05735008989499,
            96.54014708917737,
            36.05551275463989,
            60.4648658313239,
            38.41874542459709,
            96.76776322722355,
            93.91485505499116,
            67.05221845696084,
            50.35871324805669,
            106.30145812734649,
            0.0,
            71.02112361825881,
            84.11896337925236,
            105.54619841567009,
            51.884487084291386,
            93.74433316206373,
            50.15974481593781,
            18.439088914585774,
            94.33981132056604,
            81.21576201698781,
            89.37561188601732,
            98.95453501482385,
            82.96987405076617,
            93.74433316206373,
            63.52952069707436,
            57.271284253105414,
            90.19977827023745,
            27.202941017470888,
            68.81860213634101,
            64.0,
            83.18653737234169,
            52.15361924162119,
            88.0,
            91.0823802938856,
            46.17358552246078,
            96.66436778875658,
            20.09975124224178,
            111.51681487560519
        ],
        [
            34.52535300326414,
            36.76955262170047,
            69.9714227381436,
            37.36308338453881,
            53.81449618829484,
            30.0,
            54.405882034941776,
            40.049968789001575,
            10.0,
            36.05551275463989,
            48.16637831516918,
            10.770329614269007,
            33.1058907144937,
            61.773780845922005,
            49.39635614091387,
            18.439088914585774,
            33.52610922848042,
            37.73592452822641,
            71.02112361825881,
            0.0,
            23.323807579381203,
            35.4400902933387,
            36.87817782917155,
            40.792156108742276,
            35.4400902933387,
            59.464274989274024,
            56.356011214421486,
            31.240998703626616,
            21.540659228538015,
            38.62641583165593,
            56.639209034025185,
            37.73592452822641,
            34.9857113690718,
            16.1245154965971,
            43.86342439892262,
            45.34313619501854,
            26.90724809414742,
            65.39113089708727,
            42.190046219457976,
            32.55764119219941,
            47.20169488482379,
            27.202941017470888,
            28.844410203711913,
            53.85164807134504,
            60.728905802755904,
            56.0
        ],
        [
            52.839379254491625,
            22.80350850198276,
            93.29523031752481,
            60.166435825965294,
            76.4198926981712,
            53.25410782277739,
            73.43023900274328,
            61.61168720299745,
            28.635642126552707,
            51.264022471905186,
            68.46897107449476,
            31.04834939252005,
            50.039984012787215,
            82.80096617793781,
            69.33974329343886,
            17.08800749063506,
            36.05551275463989,
            44.0,
            84.11896337925236,
            23.323807579381203,
            0.0,
            26.076809620810597,
            59.464274989274024,
            59.0592922409336,
            37.20215047547655,
            76.4198926981712,
            77.20103626247513,
            12.0,
            34.17601498127012,
            16.1245154965971,
            79.2464510246358,
            14.422205101855956,
            58.309518948453004,
            28.071337695236398,
            22.360679774997898,
            56.92099788303083,
            50.0,
            88.56635930193812,
            63.7808748764079,
            55.02726596879042,
            27.202941017470888,
            7.211102550927978,
            37.94733192202055,
            73.78346698278686,
            78.23042886243178,
            70.8801805866774
        ],
        [
            46.647615158762406,
            48.33218389437829,
            97.52948272189288,
            70.0,
            76.15773105863909,
            58.54912467321779,
            65.29931086925804,
            74.43117626371358,
            44.94441010848846,
            41.23105625617661,
            83.18653737234169,
            46.17358552246078,
            68.35202996254024,
            77.6659513557904,
            63.245553203367585,
            41.036569057366385,
            60.8276253029822,
            26.076809620810597,
            105.54619841567009,
            35.4400902933387,
            26.076809620810597,
            0.0,
            70.02856560004639,
            51.61395160225576,
            62.22539674441618,
            94.86832980505137,
            72.11102550927978,
            36.76955262170047,
            27.85677655436824,
            24.08318915758459,
            78.79086241436883,
            30.066592756745816,
            64.4980619863884,
            48.373546489791295,
            42.190046219457976,
            78.89233169326408,
            54.589376255824725,
            95.35197952848173,
            61.741396161732524,
            66.12110101926616,
            48.373546489791295,
            19.697715603592208,
            60.4648658313239,
            67.20119046564577,
            96.16652224137046,
            57.201398584300364
        ],
        [
            39.698866482558415,
            65.29931086925804,
            36.87817782917155,
            2.0,
            32.0,
            15.620499351813308,
            48.33218389437829,
            7.211102550927978,
            31.304951684997057,
            47.20169488482379,
            16.97056274847714,
            28.635642126552707,
            22.80350850198276,
            46.389654018972806,
            42.04759208325728,
            47.70744176750625,
            47.70744176750625,
            60.92618484691127,
            51.884487084291386,
            36.87817782917155,
            59.464274989274024,
            70.02856560004639,
            0.0,
            42.5205832509386,
            49.39635614091387,
            34.40930106817051,
            43.174066289845804,
            64.4980619863884,
            45.60701700396552,
            75.28612089887484,
            34.058772731852805,
            73.53910524340094,
            11.661903789690601,
            35.608987629529715,
            77.17512552629896,
            38.05259518088089,
            18.867962264113206,
            30.0,
            31.304951684997057,
            4.47213595499958,
            78.81624198095213,
            64.03124237432849,
            37.73592452822641,
            44.94441010848846,
            34.058772731852805,
            60.0
        ],
        [
            6.324555320336759,
            77.20103626247513,
            52.15361924162119,
            41.036569057366385,
            28.0,
            27.202941017470888,
            14.422205101855956,
            49.678969393496885,
            46.0,
            10.770329614269007,
            59.464274989274024,
            44.04543109109048,
            58.309518948453004,
            26.076809620810597,
            11.661903789690601,
            59.22837157984339,
            72.02777242147643,
            29.120439557122072,
            93.74433316206373,
            40.792156108742276,
            59.0592922409336,
            51.61395160225576,
            42.5205832509386,
            0.0,
            74.02702209328699,
            76.83749084919418,
            20.591260281974,
            69.85699678629192,
            25.612496949731394,
            69.65629906907199,
            30.066592756745816,
            72.11102550927978,
            31.11269837220809,
            54.0,
            81.41252974819048,
            74.67261881037788,
            25.059928172283335,
            53.85164807134504,
            14.560219778561036,
            41.617304093369626,
            85.90692637965812,
            58.82176467941097,
            64.4980619863884,
            15.620499351813308,
            76.57675887630658,
            17.88854381999832
        ],
        [
            68.11754546370561,
            24.0,
            86.02325267042627,
            51.10772935672255,
            78.43468620451031,
            53.85164807134504,
            86.20904824900923,
            46.861498055439924,
            28.071337695236398,
