{
    "Number_of_customers": 53,
    "customer_1": {
        "coordinates": {
            "x": 85.0,
            "y": 53.0
        },
        "demand": 24.0
    },
    "customer_10": {
        "coordinates": {
            "x": 69.0,
            "y": 43.0
        },
        "demand": 16.0
    },
    "customer_11": {
        "coordinates": {
            "x": 49.0,
            "y": 67.0
        },
        "demand": 8.0
    },
    "customer_12": {
        "coordinates": {
            "x": 17.0,
            "y": 61.0
        },
        "demand": 12.0
    },
    "customer_13": {
        "coordinates": {
            "x": 45.0,
            "y": 61.0
        },
        "demand": 3.0
    },
    "customer_14": {
        "coordinates": {
            "x": 21.0,
            "y": 53.0
        },
        "demand": 23.0
    },
    "customer_15": {
        "coordinates": {
            "x": 71.0,
            "y": 37.0
        },
        "demand": 4.0
    },
    "customer_16": {
        "coordinates": {
            "x": 53.0,
            "y": 23.0
        },
        "demand": 23.0
    },
    "customer_17": {
        "coordinates": {
            "x": 77.0,
            "y": 63.0
        },
        "demand": 20.0
    },
    "customer_18": {
        "coordinates": {
            "x": 89.0,
            "y": 7.0
        },
        "demand": 2.0
    },
    "customer_19": {
        "coordinates": {
            "x": 21.0,
            "y": 83.0
        },
        "demand": 19.0
    },
    "customer_2": {
        "coordinates": {
            "x": 17.0,
            "y": 57.0
        },
        "demand": 9.0
    },
    "customer_20": {
        "coordinates": {
            "x": 77.0,
            "y": 25.0
        },
        "demand": 2.0
    },
    "customer_21": {
        "coordinates": {
            "x": 85.0,
            "y": 95.0
        },
        "demand": 23.0
    },
    "customer_22": {
        "coordinates": {
            "x": 43.0,
            "y": 93.0
        },
        "demand": 23.0
    },
    "customer_23": {
        "coordinates": {
            "x": 75.0,
            "y": 25.0
        },
        "demand": 5.0
    },
    "customer_24": {
        "coordinates": {
            "x": 1.0,
            "y": 43.0
        },
        "demand": 12.0
    },
    "customer_25": {
        "coordinates": {
            "x": 7.0,
            "y": 7.0
        },
        "demand": 15.0
    },
    "customer_26": {
        "coordinates": {
            "x": 81.0,
            "y": 69.0
        },
        "demand": 9.0
    },
    "customer_27": {
        "coordinates": {
            "x": 23.0,
            "y": 57.0
        },
        "demand": 13.0
    },
    "customer_28": {
        "coordinates": {
            "x": 81.0,
            "y": 15.0
        },
        "demand": 18.0
    },
    "customer_29": {
        "coordinates": {
            "x": 77.0,
            "y": 35.0
        },
        "demand": 16.0
    },
    "customer_3": {
        "coordinates": {
            "x": 49.0,
            "y": 93.0
        },
        "demand": 15.0
    },
    "customer_30": {
        "coordinates": {
            "x": 49.0,
            "y": 3.0
        },
        "demand": 7.0
    },
    "customer_31": {
        "coordinates": {
            "x": 21.0,
            "y": 93.0
        },
        "demand": 6.0
    },
    "customer_32": {
        "coordinates": {
            "x": 41.0,
            "y": 37.0
        },
        "demand": 2.0
    },
    "customer_33": {
        "coordinates": {
            "x": 71.0,
            "y": 91.0
        },
        "demand": 8.0
    },
    "customer_34": {
        "coordinates": {
            "x": 31.0,
            "y": 13.0
        },
        "demand": 2.0
    },
    "customer_35": {
        "coordinates": {
            "x": 69.0,
            "y": 33.0
        },
        "demand": 2.0
    },
    "customer_36": {
        "coordinates": {
            "x": 91.0,
            "y": 47.0
        },
        "demand": 4.0
    },
    "customer_37": {
        "coordinates": {
            "x": 13.0,
            "y": 69.0
        },
        "demand": 13.0
    },
    "customer_38": {
        "coordinates": {
            "x": 65.0,
            "y": 75.0
        },
        "demand": 18.0
    },
    "customer_39": {
        "coordinates": {
            "x": 91.0,
            "y": 27.0
        },
        "demand": 9.0
    },
    "customer_4": {
        "coordinates": {
            "x": 69.0,
            "y": 11.0
        },
        "demand": 17.0
    },
    "customer_40": {
        "coordinates": {
            "x": 9.0,
            "y": 85.0
        },
        "demand": 19.0
    },
    "customer_41": {
        "coordinates": {
            "x": 15.0,
            "y": 19.0
        },
        "demand": 3.0
    },
    "customer_42": {
        "coordinates": {
            "x": 7.0,
            "y": 37.0
        },
        "demand": 14.0
    },
    "customer_43": {
        "coordinates": {
            "x": 61.0,
            "y": 11.0
        },
        "demand": 19.0
    },
    "customer_44": {
        "coordinates": {
            "x": 59.0,
            "y": 83.0
        },
        "demand": 21.0
    },
    "customer_45": {
        "coordinates": {
            "x": 85.0,
            "y": 69.0
        },
        "demand": 4.0
    },
    "customer_46": {
        "coordinates": {
            "x": 15.0,
            "y": 29.0
        },
        "demand": 6.0
    },
    "customer_47": {
        "coordinates": {
            "x": 1.0,
            "y": 13.0
        },
        "demand": 22.0
    },
    "customer_48": {
        "coordinates": {
            "x": 1.0,
            "y": 83.0
        },
        "demand": 13.0
    },
    "customer_49": {
        "coordinates": {
            "x": 85.0,
            "y": 31.0
        },
        "demand": 10.0
    },
    "customer_5": {
        "coordinates": {
            "x": 87.0,
            "y": 15.0
        },
        "demand": 2.0
    },
    "customer_50": {
        "coordinates": {
            "x": 95.0,
            "y": 25.0
        },
        "demand": 18.0
    },
    "customer_51": {
        "coordinates": {
            "x": 5.0,
            "y": 33.0
        },
        "demand": 5.0
    },
    "customer_52": {
        "coordinates": {
            "x": 51.0,
            "y": 11.0
        },
        "demand": 9.0
    },
    "customer_53": {
        "coordinates": {
            "x": 51.0,
            "y": 85.0
        },
        "demand": 36.0
    },
    "customer_6": {
        "coordinates": {
            "x": 49.0,
            "y": 39.0
        },
        "demand": 19.0
    },
    "customer_7": {
        "coordinates": {
            "x": 87.0,
            "y": 23.0
        },
        "demand": 10.0
    },
    "customer_8": {
        "coordinates": {
            "x": 19.0,
            "y": 83.0
        },
        "demand": 17.0
    },
    "customer_9": {
        "coordinates": {
            "x": 69.0,
            "y": 87.0
        },
        "demand": 20.0
    },
    "depart": {
        "coordinates": {
            "x": 61.0,
            "y": 5.0
        },
        "demand": 0.0
    },
    "distance_matrix": [
        [
            0.0,
            53.665631459994955,
            68.11754546370561,
            88.81441324469807,
            10.0,
            27.85677655436824,
            36.05551275463989,
            31.622776601683793,
            88.58893836140041,
            82.38931969618392,
            38.8329756778952,
            63.150613615387776,
            71.21797525905943,
            58.240879114244144,
            62.48199740725323,
            33.52610922848042,
            19.697715603592208,
            60.166435825965294,
            28.071337695236398,
            87.65842800324451,
            25.612496949731394,
            93.14504817756014,
            89.82204629154248,
            24.413111231467404,
            71.02112361825881,
            54.037024344425184,
            67.05221845696084,
            64.40496875241847,
            22.360679774997898,
            34.0,
            12.165525060596439,
            96.66436778875658,
            37.73592452822641,
            86.57944328765345,
            31.04834939252005,
            29.120439557122072,
            51.61395160225576,
            80.0,
            70.11419257183242,
            37.20215047547655,
            95.4148835350125,
            48.08326112068523,
            62.76941930590086,
            6.0,
            78.02563681252464,
            68.35202996254024,
            51.884487084291386,
            60.530983801686226,
            98.40731680114035,
            35.38361202590826,
            39.44616584663204,
            62.609903369994115,
            11.661903789690601,
            80.62257748298549
        ],
        [
            53.665631459994955,
            0.0,
            68.11754546370561,
            53.81449618829484,
            44.94441010848846,
            38.05259518088089,
            38.62641583165593,
            30.066592756745816,
            72.49827584156743,
            37.57658845611187,
            18.867962264113206,
            38.62641583165593,
            68.46897107449476,
            40.792156108742276,
            64.0,
            21.2602916254693,
            43.86342439892262,
            12.806248474865697,
            46.17358552246078,
            70.68238818828917,
            29.120439557122072,
            42.0,
            58.0,
            29.732137494637012,
            84.5931439302264,
            90.55385138137417,
            16.492422502470642,
            62.12889826803627,
            38.2099463490856,
            19.697715603592208,
            61.61168720299745,
            75.47184905645283,
            46.8187996428785,
            40.496913462633174,
            67.20119046564577,
            25.612496949731394,
            8.48528137423857,
            73.7563556583431,
            29.732137494637012,
            26.68332812825267,
            82.46211251235322,
            77.82030583337487,
            79.62411694957753,
            48.373546489791295,
            39.698866482558415,
            16.0,
            74.0,
            93.03762679690406,
            89.19641248391103,
            22.0,
            29.732137494637012,
            82.46211251235322,
            54.037024344425184,
            46.69047011971501
        ],
        [
            68.11754546370561,
            68.11754546370561,
            0.0,
            48.16637831516918,
            69.42621983083913,
            81.6333265278342,
            36.71511950137164,
            77.82030583337487,
            26.076809620810597,
            60.03332407921454,
            53.85164807134504,
            33.52610922848042,
            4.0,
            28.284271247461902,
            5.656854249492381,
            57.584720195551874,
            49.51767361255979,
            60.29925372672534,
            87.65842800324451,
            26.30589287593181,
            68.0,
            77.89736837660179,
            44.40720662234904,
            66.24198064671678,
            21.2602916254693,
            50.99019513592785,
            65.11528238439882,
            6.0,
            76.55063683601855,
            63.90618123468183,
            62.76941930590086,
            36.22154055254967,
            31.240998703626616,
            63.812224534175265,
            46.17358552246078,
            57.271284253105414,
            74.67261881037788,
            12.649110640673518,
            51.264022471905186,
            79.84985911070852,
            29.120439557122072,
            38.05259518088089,
            22.360679774997898,
            63.655321851358195,
            49.39635614091387,
            69.05070600652827,
            28.071337695236398,
            46.8187996428785,
            30.528675044947494,
            72.80109889280519,
            84.30895563343196,
            26.832815729997478,
            57.201398584300364,
            44.04543109109048
        ],
        [
            88.81441324469807,
            53.81449618829484,
            48.16637831516918,
            0.0,
            84.40379138403677,
            86.76404785393545,
            54.0,
            79.64923100695951,
            31.622776601683793,
            20.8806130178211,
            53.85164807134504,
            26.0,
            45.254833995939045,
            32.2490309931942,
            48.82622246293481,
            60.166435825965294,
            70.11419257183242,
            41.036569057366385,
            94.847245611035,
            29.732137494637012,
            73.53910524340094,
            36.05551275463989,
            6.0,
            72.80109889280519,
            69.31089380465383,
            95.70788891204319,
            40.0,
            44.40720662234904,
            84.30895563343196,
            64.40496875241847,
            90.0,
            28.0,
            56.568542494923804,
            22.090722034374522,
            82.0,
            63.245553203367585,
            62.289646009589745,
            43.266615305567875,
            24.08318915758459,
            78.23042886243178,
            40.792156108742276,
            81.43709228600933,
            70.0,
            82.87339742040264,
            14.142135623730951,
            43.266615305567875,
            72.47068372797375,
            93.29523031752481,
            49.03060268852505,
            71.69379331573968,
            82.09750300709517,
            74.4043009509531,
            82.02438661763951,
            8.246211251235321
        ],
        [
            10.0,
            44.94441010848846,
            69.42621983083913,
            84.40379138403677,
            0.0,
            18.439088914585774,
            34.40930106817051,
            21.633307652783937,
            87.65842800324451,
            76.0,
            32.0,
            59.464274989274024,
            72.13875518748573,
            55.46169849544819,
            63.7808748764079,
            26.076809620810597,
            20.0,
            52.61178575186362,
            20.396078054371138,
            86.53323061113575,
            16.1245154965971,
            85.5102333057278,
            86.02325267042627,
            15.231546211727817,
            75.15317691222374,
            62.12889826803627,
            59.22837157984339,
            65.05382386916237,
            12.649110640673518,
            25.298221281347036,
            21.540659228538015,
            95.01578816175763,
            38.2099463490856,
            80.02499609497022,
            38.05259518088089,
            22.0,
            42.190046219457976,
            80.62257748298549,
            64.1248781675256,
            27.202941017470888,
            95.26804291051643,
            54.589376255824725,
            67.23094525588644,
            8.0,
            72.69112738154499,
            60.166435825965294,
            56.92099788303083,
            68.0294054067798,
            99.03534722511958,
            25.612496949731394,
            29.5296461204668,
            67.67569726275453,
            18.0,
            76.15773105863909
        ],
        [
            27.85677655436824,
            38.05259518088089,
            81.6333265278342,
            86.76404785393545,
            18.439088914585774,
            0.0,
            44.94441010848846,
            8.0,
            96.16652224137046,
            74.21590126111789,
            33.28663395418648,
            64.40496875241847,
            83.7615663654877,
            62.289646009589745,
            76.15773105863909,
            27.202941017470888,
            34.92849839314596,
            49.03060268852505,
            8.246211251235321,
            94.76286192385707,
            14.142135623730951,
            80.02499609497022,
            89.55445270895244,
            15.620499351813308,
            90.44335243676011,
            80.39900496896712,
            54.3323108288245,
            76.55063683601855,
            6.0,
            22.360679774997898,
            39.84971769034255,
            102.17631819555841,
            50.99019513592785,
            77.6659513557904,
            56.0357029044876,
            25.45584412271571,
            32.2490309931942,
            91.60785992479029,
            63.90618123468183,
            12.649110640673518,
            104.80458005259122,
            72.11102550927978,
            82.96987405076617,
            26.30589287593181,
            73.53910524340094,
            54.037024344425184,
            73.348483283569,
            86.02325267042627,
            109.63576058932597,
            16.1245154965971,
            12.806248474865697,
            83.95236744726142,
            36.22154055254967,
            78.71467461661771
        ],
        [
            36.05551275463989,
            38.62641583165593,
            36.71511950137164,
            54.0,
            34.40930106817051,
            44.94441010848846,
            0.0,
            41.23105625617661,
            53.25410782277739,
            52.0,
            20.396078054371138,
            28.0,
            38.8329756778952,
            22.360679774997898,
            31.304951684997057,
            22.090722034374522,
            16.492422502470642,
            36.87817782917155,
            51.22499389946279,
            52.15361924162119,
            31.304951684997057,
            66.57326790837296,
            54.3323108288245,
            29.5296461204668,
            48.16637831516918,
            52.80151512977634,
            43.86342439892262,
            31.622776601683793,
            40.0,
            28.284271247461902,
            36.0,
            60.8276253029822,
            8.246211251235321,
            56.462376853972415,
            31.622776601683793,
            20.8806130178211,
            42.7551166528639,
            46.861498055439924,
            39.395431207184416,
            43.68065933568311,
            60.959002616512684,
            39.44616584663204,
            42.04759208325728,
            30.463092423455635,
            45.12205669071391,
            46.861498055439924,
            35.4400902933387,
            54.589376255824725,
            65.11528238439882,
            36.87817782917155,
            48.08326112068523,
            44.40720662234904,
            28.071337695236398,
            46.04345773288535
        ],
        [
            31.622776601683793,
            30.066592756745816,
            77.82030583337487,
            79.64923100695951,
            21.633307652783937,
            8.0,
            41.23105625617661,
            0.0,
            90.68627239003708,
            66.48308055437865,
            26.90724809414742,
            58.137767414994535,
            79.64923100695951,
            56.639209034025185,
            72.49827584156743,
            21.2602916254693,
            34.0,
            41.23105625617661,
            16.1245154965971,
            89.19641248391103,
            10.198039027185569,
            72.02777242147643,
            82.68010643437755,
            12.165525060596439,
            88.29496021857646,
            81.58431221748455,
            46.389654018972806,
            72.47068372797375,
            10.0,
            15.620499351813308,
            42.941821107167776,
            96.20810776644555,
            48.08326112068523,
            69.85699678629192,
            56.88585061331157,
            20.591260281974,
            24.331050121192877,
            87.13208364316786,
            56.462376853972415,
            5.656854249492381,
            99.6393496566492,
            72.11102550927978,
            81.21576201698781,
            28.635642126552707,
            66.2117814289874,
            46.04345773288535,
            72.24956747275377,
            86.57944328765345,
            104.86181383134664,
            8.246211251235321,
            8.246211251235321,
            82.60750571225353,
            37.94733192202055,
            71.69379331573968
        ],
        [
            88.58893836140041,
            72.49827584156743,
            26.076809620810597,
            31.622776601683793,
            87.65842800324451,
            96.16652224137046,
            53.25410782277739,
            90.68627239003708,
            0.0,
            50.15974481593781,
            64.03124237432849,
            34.0,
            22.090722034374522,
            34.058772731852805,
            30.066592756745816,
            69.42621983083913,
            68.96375859826666,
            61.35144660071187,
            103.32473082471591,
            2.0,
            82.02438661763951,
            67.08203932499369,
            26.0,
            80.62257748298549,
            43.86342439892262,
            76.94153624668537,
            63.56099432828282,
            26.30589287593181,
            92.02173656261873,
            75.28612089887484,
            85.44003745317531,
            10.198039027185569,
            50.99019513592785,
            52.61178575186362,
            71.02112361825881,
            70.71067811865476,
            80.49844718999243,
            15.231546211727817,
            46.69047011971501,
            91.21403400793103,
            10.198039027185569,
            64.1248781675256,
            47.53945729601885,
            83.35466393669883,
            40.0,
            67.468511173732,
            54.147945482723536,
            72.27724399837061,
            18.0,
            84.02380615040002,
            95.60334722173695,
            51.92301994298868,
            78.79086241436883,
            32.0624390837628
        ],
        [
            82.38931969618392,
            37.57658845611187,
            60.03332407921454,
            20.8806130178211,
            76.0,
            74.21590126111789,
            52.0,
            66.48308055437865,
            50.15974481593781,
            0.0,
            44.0,
            28.284271247461902,
            58.137767414994535,
            35.38361202590826,
            58.82176467941097,
            50.039984012787215,
            65.96969000988257,
            25.298221281347036,
            82.46211251235322,
            48.16637831516918,
            62.51399843235114,
            17.88854381999832,
            26.68332812825267,
            62.289646009589745,
            80.99382692526635,
            101.21264743103995,
            21.633307652783937,
            54.91812087098393,
            72.99315036357864,
            52.61178575186362,
            86.34813257969161,
            48.373546489791295,
            57.30619512757761,
            4.47213595499958,
            83.18653737234169,
            54.0,
            45.65084884205331,
            58.82176467941097,
            12.649110640673518,
            63.90618123468183,
            60.03332407921454,
            86.83317338436964,
            79.64923100695951,
            76.4198926981712,
            10.770329614269007,
            24.08318915758459,
            79.2464510246358,
            100.4987562112089,
            68.11754546370561,
            58.240879114244144,
            67.23094525588644,
            83.73768566183328,
            78.10249675906654,
            18.110770276274835
        ],
        [
            38.8329756778952,
            18.867962264113206,
            53.85164807134504,
            53.85164807134504,
            32.0,
            33.28663395418648,
            20.396078054371138,
            26.90724809414742,
            64.03124237432849,
            44.0,
            0.0,
            31.240998703626616,
            55.02726596879042,
            30.0,
            49.03060268852505,
            6.324555320336759,
            25.612496949731394,
            21.540659228538015,
            41.182520563948,
            62.48199740725323,
            19.697715603592208,
            54.405882034941776,
            56.356011214421486,
            18.973665961010276,
            68.0,
            71.69379331573968,
            28.635642126552707,
            48.08326112068523,
            30.463092423455635,
            11.313708498984761,
            44.721359549995796,
            69.31089380465383,
            28.635642126552707,
            48.041648597857254,
            48.41487374764082,
            10.0,
            22.360679774997898,
            61.741396161732524,
            32.2490309931942,
            27.202941017470888,
            73.23933369440222,
            59.09314681077663,
            62.289646009589745,
            32.984845004941285,
            41.23105625617661,
            30.528675044947494,
            55.78530272392541,
            74.32361670424818,
            78.89233169326408,
            20.0,
            31.622776601683793,
            64.77653896280658,
            36.71511950137164,
            45.69463863518345
        ],
        [
            63.150613615387776,
            38.62641583165593,
            33.52610922848042,
            26.0,
            59.464274989274024,
            64.40496875241847,
            28.0,
            58.137767414994535,
            34.0,
            28.284271247461902,
            31.240998703626616,
            0.0,
            32.55764119219941,
            7.211102550927978,
            31.304951684997057,
            37.20215047547655,
            44.181444068749045,
            28.284271247461902,
            72.11102550927978,
            32.2490309931942,
            50.47771785649585,
            45.60701700396552,
            26.68332812825267,
            49.39635614091387,
            53.665631459994955,
            73.23933369440222,
            32.0624390837628,
            27.85677655436824,
            61.05735008989499,
            42.5205832509386,
            64.0,
            38.2099463490856,
            31.04834939252005,
            32.55764119219941,
            56.92099788303083,
            39.44616584663204,
            46.51881339845203,
            36.05551275463989,
            17.88854381999832,
            58.0,
            43.86342439892262,
            58.82176467941097,
            51.61395160225576,
            57.271284253105414,
            18.867962264113206,
            36.05551275463989,
            50.99019513592785,
            72.24956747275377,
            50.59644256269407,
            50.91168824543142,
            62.289646009589745,
            55.60575509783138,
            56.0357029044876,
            18.110770276274835
        ],
        [
            71.21797525905943,
            68.46897107449476,
            4.0,
            45.254833995939045,
            72.13875518748573,
            83.7615663654877,
            38.8329756778952,
            79.64923100695951,
            22.090722034374522,
            58.137767414994535,
            55.02726596879042,
            32.55764119219941,
            0.0,
            28.0,
            8.94427190999916,
            59.09314681077663,
            52.3450093132096,
            60.03332407921454,
            90.0,
            22.360679774997898,
            69.9714227381436,
            76.02631123499285,
            41.23105625617661,
            68.26419266350405,
            24.08318915758459,
            54.91812087098393,
            64.4980619863884,
            7.211102550927978,
            78.81624198095213,
            65.39113089708727,
            66.24198064671678,
            32.2490309931942,
            33.94112549695428,
            61.773780845922005,
            50.0,
            59.0592922409336,
            75.31268153505093,
            8.94427190999916,
            50.0,
            81.43709228600933,
            25.298221281347036,
            42.04759208325728,
            26.0,
            66.60330322138685,
            47.41307836451879,
            68.46897107449476,
            32.0624390837628,
            50.59644256269407,
            27.202941017470888,
            74.32361670424818,
            85.90692637965812,
            30.463092423455635,
            60.4648658313239,
            41.617304093369626
        ],
        [
            58.240879114244144,
            40.792156108742276,
            28.284271247461902,
            32.2490309931942,
            55.46169849544819,
            62.289646009589745,
            22.360679774997898,
            56.639209034025185,
            34.058772731852805,
            35.38361202590826,
            30.0,
            7.211102550927978,
            28.0,
            0.0,
            25.298221281347036,
            35.38361202590826,
            38.8329756778952,
            32.0624390837628,
            69.65629906907199,
            32.55764119219941,
            48.16637831516918,
            52.49761899362675,
            32.0624390837628,
            46.861498055439924,
            47.53945729601885,
            66.03029607687671,
            36.87817782917155,
            22.360679774997898,
            58.412327466040935,
            41.23105625617661,
            58.137767414994535,
            40.0,
            24.331050121192877,
            39.698866482558415,
            50.0,
            36.87817782917155,
            48.08326112068523,
            32.984845004941285,
            24.413111231467404,
            57.201398584300364,
            43.266615305567875,
            51.61395160225576,
            44.94441010848846,
            52.49761899362675,
            26.076809620810597,
            40.792156108742276,
            43.86342439892262,
            65.11528238439882,
            49.193495504995376,
            50.0,
            61.61168720299745,
            48.82622246293481,
            50.35871324805669,
            24.73863375370596
        ],
        [
            62.48199740725323,
            64.0,
            5.656854249492381,
            48.82622246293481,
            63.7808748764079,
            76.15773105863909,
            31.304951684997057,
            72.49827584156743,
            30.066592756745816,
            58.82176467941097,
            49.03060268852505,
            31.304951684997057,
            8.94427190999916,
            25.298221281347036,
            0.0,
            52.49761899362675,
            43.86342439892262,
            56.88585061331157,
            82.09750300709517,
            30.0,
            62.609903369994115,
            76.55063683601855,
            45.65084884205331,
            60.8276253029822,
            22.360679774997898,
            48.08326112068523,
            62.0966987850401,
            4.47213595499958,
            71.02112361825881,
            58.82176467941097,
            57.30619512757761,
            40.0,
            25.612496949731394,
            62.80127387243033,
            41.23105625617661,
            52.0,
            70.25667228100119,
            17.88854381999832,
            49.193495504995376,
            74.67261881037788,
            34.17601498127012,
            34.52535300326414,
            21.2602916254693,
            58.0,
            48.41487374764082,
            65.96969000988257,
            24.73863375370596,
            44.721359549995796,
            36.05551275463989,
            67.67569726275453,
            79.12016177940993,
            25.612496949731394,
            51.61395160225576,
            43.86342439892262
        ],
        [
            33.52610922848042,
            21.2602916254693,
            57.584720195551874,
            60.166435825965294,
            26.076809620810597,
            27.202941017470888,
            22.090722034374522,
            21.2602916254693,
            69.42621983083913,
            50.039984012787215,
            6.324555320336759,
            37.20215047547655,
            59.09314681077663,
            35.38361202590826,
            52.49761899362675,
            0.0,
            22.80350850198276,
            26.68332812825267,
            34.9857113690718,
            67.94115100585212,
            13.416407864998739,
            59.665735560705194,
            62.609903369994115,
            12.649110640673518,
            70.25667228100119,
            70.68238818828917,
            33.52610922848042,
            52.0,
            24.166091947189145,
            6.324555320336759,
            40.496913462633174,
            75.07329751649384,
            30.0,
            54.0,
            46.647615158762406,
            4.47213595499958,
            22.360679774997898,
            66.24198064671678,
            38.47076812334269,
            22.360679774997898,
            78.40918313565064,
            58.82176467941097,
            64.0,
            27.85677655436824,
            47.53945729601885,
            34.92849839314596,
            56.568542494923804,
            74.0,
            83.7615663654877,
            15.231546211727817,
            26.832815729997478,
            66.12110101926616,
            32.802438933713454,
            52.0
        ],
        [
            19.697715603592208,
            43.86342439892262,
            49.51767361255979,
            70.11419257183242,
            20.0,
            34.92849839314596,
            16.492422502470642,
            34.0,
            68.96375859826666,
            65.96969000988257,
            25.612496949731394,
            44.181444068749045,
            52.3450093132096,
            38.8329756778952,
            43.86342439892262,
            22.80350850198276,
            0.0,
            46.647615158762406,
            39.395431207184416,
            68.0,
            24.08318915758459,
            78.79086241436883,
            70.71067811865476,
            22.090722034374522,
            55.71355310873648,
            48.703182647543684,
            53.85164807134504,
            45.34313619501854,
            29.120439557122072,
            26.832815729997478,
            20.396078054371138,
            76.96752561957543,
            18.439088914585774,
            70.3420215802759,
            24.166091947189145,
            18.867962264113206,
            44.94441010848846,
            60.959002616512684,
            53.36665625650534,
            38.2099463490856,
            76.02631123499285,
            38.2099463490856,
            48.08326112068523,
            14.422205101855956,
            60.29925372672534,
            56.0357029044876,
            38.47076812334269,
            52.952809179494906,
            79.39773296511683,
            32.984845004941285,
            42.04759208325728,
            49.03060268852505,
            12.165525060596439,
            62.03224967708329
        ],
        [
            60.166435825965294,
            12.806248474865697,
            60.29925372672534,
            41.036569057366385,
            52.61178575186362,
            49.03060268852505,
            36.87817782917155,
            41.23105625617661,
            61.35144660071187,
            25.298221281347036,
            21.540659228538015,
            28.284271247461902,
            60.03332407921454,
            32.0624390837628,
            56.88585061331157,
            26.68332812825267,
            46.647615158762406,
            0.0,
            57.271284253105414,
            59.464274989274024,
            38.0,
            32.984845004941285,
            45.34313619501854,
            38.05259518088089,
            78.587530817554,
            89.64373932405988,
            7.211102550927978,
            54.3323108288245,
            48.16637831516918,
            28.0,
            66.2117814289874,
            63.52952069707436,
            44.40720662234904,
            28.635642126552707,
            67.94115100585212,
            31.04834939252005,
            21.2602916254693,
            64.28063471995279,
            16.97056274847714,
            38.62641583165593,
            71.47027354082255,
            76.02631123499285,
            74.67261881037788,
            54.405882034941776,
            26.90724809414742,
            10.0,
            70.71067811865476,
            90.97252332435328,
            78.587530817554,
            32.984845004941285,
            42.04759208325728,
            78.0,
            58.137767414994535,
            34.058772731852805
        ],
        [
            28.071337695236398,
            46.17358552246078,
            87.65842800324451,
            94.847245611035,
            20.396078054371138,
            8.246211251235321,
            51.22499389946279,
            16.1245154965971,
            103.32473082471591,
            82.46211251235322,
            41.182520563948,
            72.11102550927978,
            90.0,
            69.65629906907199,
            82.09750300709517,
            34.9857113690718,
            39.395431207184416,
            57.271284253105414,
            0.0,
            101.9803902718557,
            21.633307652783937,
            88.09086218218096,
            97.52948272189288,
            22.80350850198276,
            95.0789145920377,
            82.0,
            62.51399843235114,
            82.80096617793781,
            11.313708498984761,
            30.463092423455635,
            40.19950248448356,
            109.63576058932597,
            56.60388679233962,
            85.90692637965812,
            58.309518948453004,
            32.802438933713454,
            40.049968789001575,
            98.08159868191383,
            72.11102550927978,
            20.09975124224178,
            111.73182178770737,
            74.96665925596525,
            87.31551981177229,
            28.284271247461902,
            81.70679286326198,
            62.12889826803627,
            77.20103626247513,
            88.20430828479978,
            116.27553482998907,
            24.331050121192877,
            18.973665961010276,
            87.93179174792243,
            38.2099463490856,
            86.76404785393545
        ],
        [
            87.65842800324451,
            70.68238818828917,
            26.30589287593181,
            29.732137494637012,
            86.53323061113575,
            94.76286192385707,
            52.15361924162119,
            89.19641248391103,
            2.0,
            48.16637831516918,
            62.48199740725323,
            32.2490309931942,
            22.360679774997898,
            32.55764119219941,
            30.0,
            67.94115100585212,
            68.0,
            59.464274989274024,
            101.9803902718557,
            0.0,
            80.62257748298549,
            65.11528238439882,
            24.166091947189145,
            79.2464510246358,
            44.721359549995796,
            77.27871634544663,
            61.61168720299745,
            26.076809620810597,
            90.68627239003708,
            73.7563556583431,
            84.75848040166836,
            10.0,
            50.15974481593781,
            50.635955604688654,
            70.71067811865476,
            69.31089380465383,
            78.71467461661771,
            16.1245154965971,
            44.721359549995796,
            89.64373932405988,
            12.165525060596439,
            64.28063471995279,
            48.08326112068523,
            82.365041127896,
            38.0,
            65.5133574166368,
            54.3323108288245,
            72.80109889280519,
            20.0,
            82.46211251235322,
            94.02127418834527,
            52.49761899362675,
            78.0,
            30.066592756745816
        ],
        [
            25.612496949731394,
            29.120439557122072,
            68.0,
            73.53910524340094,
            16.1245154965971,
            14.142135623730951,
            31.304951684997057,
            10.198039027185569,
            82.02438661763951,
            62.51399843235114,
            19.697715603592208,
