{
    "Number_of_customers": 62,
    "customer_1": {
        "coordinates": {
            "x": 7.0,
            "y": 5.0
        },
        "demand": 4.0
    },
    "customer_10": {
        "coordinates": {
            "x": 59.0,
            "y": 45.0
        },
        "demand": 7.0
    },
    "customer_11": {
        "coordinates": {
            "x": 99.0,
            "y": 81.0
        },
        "demand": 18.0
    },
    "customer_12": {
        "coordinates": {
            "x": 71.0,
            "y": 47.0
        },
        "demand": 20.0
    },
    "customer_13": {
        "coordinates": {
            "x": 53.0,
            "y": 83.0
        },
        "demand": 2.0
    },
    "customer_14": {
        "coordinates": {
            "x": 87.0,
            "y": 1.0
        },
        "demand": 11.0
    },
    "customer_15": {
        "coordinates": {
            "x": 79.0,
            "y": 67.0
        },
        "demand": 10.0
    },
    "customer_16": {
        "coordinates": {
            "x": 59.0,
            "y": 65.0
        },
        "demand": 5.0
    },
    "customer_17": {
        "coordinates": {
            "x": 67.0,
            "y": 21.0
        },
        "demand": 21.0
    },
    "customer_18": {
        "coordinates": {
            "x": 27.0,
            "y": 1.0
        },
        "demand": 20.0
    },
    "customer_19": {
        "coordinates": {
            "x": 81.0,
            "y": 93.0
        },
        "demand": 1.0
    },
    "customer_2": {
        "coordinates": {
            "x": 27.0,
            "y": 91.0
        },
        "demand": 18.0
    },
    "customer_20": {
        "coordinates": {
            "x": 59.0,
            "y": 89.0
        },
        "demand": 15.0
    },
    "customer_21": {
        "coordinates": {
            "x": 95.0,
            "y": 23.0
        },
        "demand": 15.0
    },
    "customer_22": {
        "coordinates": {
            "x": 73.0,
            "y": 25.0
        },
        "demand": 14.0
    },
    "customer_23": {
        "coordinates": {
            "x": 41.0,
            "y": 25.0
        },
        "demand": 19.0
    },
    "customer_24": {
        "coordinates": {
            "x": 3.0,
            "y": 65.0
        },
        "demand": 22.0
    },
    "customer_25": {
        "coordinates": {
            "x": 59.0,
            "y": 83.0
        },
        "demand": 21.0
    },
    "customer_26": {
        "coordinates": {
            "x": 83.0,
            "y": 97.0
        },
        "demand": 22.0
    },
    "customer_27": {
        "coordinates": {
            "x": 5.0,
            "y": 83.0
        },
        "demand": 6.0
    },
    "customer_28": {
        "coordinates": {
            "x": 71.0,
            "y": 35.0
        },
        "demand": 24.0
    },
    "customer_29": {
        "coordinates": {
            "x": 37.0,
            "y": 97.0
        },
        "demand": 14.0
    },
    "customer_3": {
        "coordinates": {
            "x": 21.0,
            "y": 47.0
        },
        "demand": 22.0
    },
    "customer_30": {
        "coordinates": {
            "x": 29.0,
            "y": 93.0
        },
        "demand": 14.0
    },
    "customer_31": {
        "coordinates": {
            "x": 19.0,
            "y": 21.0
        },
        "demand": 2.0
    },
    "customer_32": {
        "coordinates": {
            "x": 83.0,
            "y": 13.0
        },
        "demand": 15.0
    },
    "customer_33": {
        "coordinates": {
            "x": 97.0,
            "y": 67.0
        },
        "demand": 21.0
    },
    "customer_34": {
        "coordinates": {
            "x": 31.0,
            "y": 83.0
        },
        "demand": 15.0
    },
    "customer_35": {
        "coordinates": {
            "x": 65.0,
            "y": 17.0
        },
        "demand": 6.0
    },
    "customer_36": {
        "coordinates": {
            "x": 19.0,
            "y": 63.0
        },
        "demand": 23.0
    },
    "customer_37": {
        "coordinates": {
            "x": 59.0,
            "y": 23.0
        },
        "demand": 14.0
    },
    "customer_38": {
        "coordinates": {
            "x": 17.0,
            "y": 25.0
        },
        "demand": 26.0
    },
    "customer_39": {
        "coordinates": {
            "x": 45.0,
            "y": 27.0
        },
        "demand": 15.0
    },
    "customer_4": {
        "coordinates": {
            "x": 33.0,
            "y": 11.0
        },
        "demand": 14.0
    },
    "customer_40": {
        "coordinates": {
            "x": 89.0,
            "y": 7.0
        },
        "demand": 15.0
    },
    "customer_41": {
        "coordinates": {
            "x": 19.0,
            "y": 41.0
        },
        "demand": 23.0
    },
    "customer_42": {
        "coordinates": {
            "x": 23.0,
            "y": 39.0
        },
        "demand": 7.0
    },
    "customer_43": {
        "coordinates": {
            "x": 23.0,
            "y": 21.0
        },
        "demand": 22.0
    },
    "customer_44": {
        "coordinates": {
            "x": 83.0,
            "y": 61.0
        },
        "demand": 26.0
    },
    "customer_45": {
        "coordinates": {
            "x": 11.0,
            "y": 93.0
        },
        "demand": 20.0
    },
    "customer_46": {
        "coordinates": {
            "x": 17.0,
            "y": 11.0
        },
        "demand": 3.0
    },
    "customer_47": {
        "coordinates": {
            "x": 35.0,
            "y": 11.0
        },
        "demand": 2.0
    },
    "customer_48": {
        "coordinates": {
            "x": 21.0,
            "y": 59.0
        },
        "demand": 15.0
    },
    "customer_49": {
        "coordinates": {
            "x": 21.0,
            "y": 69.0
        },
        "demand": 2.0
    },
    "customer_5": {
        "coordinates": {
            "x": 19.0,
            "y": 99.0
        },
        "demand": 5.0
    },
    "customer_50": {
        "coordinates": {
            "x": 71.0,
            "y": 13.0
        },
        "demand": 21.0
    },
    "customer_51": {
        "coordinates": {
            "x": 63.0,
            "y": 13.0
        },
        "demand": 12.0
    },
    "customer_52": {
        "coordinates": {
            "x": 49.0,
            "y": 21.0
        },
        "demand": 4.0
    },
    "customer_53": {
        "coordinates": {
            "x": 83.0,
            "y": 31.0
        },
        "demand": 10.0
    },
    "customer_54": {
        "coordinates": {
            "x": 41.0,
            "y": 97.0
        },
        "demand": 23.0
    },
    "customer_55": {
        "coordinates": {
            "x": 85.0,
            "y": 15.0
        },
        "demand": 4.0
    },
    "customer_56": {
        "coordinates": {
            "x": 77.0,
            "y": 73.0
        },
        "demand": 24.0
    },
    "customer_57": {
        "coordinates": {
            "x": 57.0,
            "y": 1.0
        },
        "demand": 17.0
    },
    "customer_58": {
        "coordinates": {
            "x": 83.0,
            "y": 11.0
        },
        "demand": 2.0
    },
    "customer_59": {
        "coordinates": {
            "x": 1.0,
            "y": 75.0
        },
        "demand": 20.0
    },
    "customer_6": {
        "coordinates": {
            "x": 59.0,
            "y": 25.0
        },
        "demand": 9.0
    },
    "customer_60": {
        "coordinates": {
            "x": 45.0,
            "y": 71.0
        },
        "demand": 18.0
    },
    "customer_61": {
        "coordinates": {
            "x": 41.0,
            "y": 55.0
        },
        "demand": 19.0
    },
    "customer_62": {
        "coordinates": {
            "x": 45.0,
            "y": 13.0
        },
        "demand": 8.0
    },
    "customer_7": {
        "coordinates": {
            "x": 69.0,
            "y": 79.0
        },
        "demand": 7.0
    },
    "customer_8": {
        "coordinates": {
            "x": 11.0,
            "y": 73.0
        },
        "demand": 20.0
    },
    "customer_9": {
        "coordinates": {
            "x": 21.0,
            "y": 35.0
        },
        "demand": 19.0
    },
    "depart": {
        "coordinates": {
            "x": 91.0,
            "y": 93.0
        },
        "demand": 0.0
    },
    "distance_matrix": [
        [
            0.0,
            121.6552506059644,
            64.03124237432849,
            83.7615663654877,
            100.43903623591775,
            72.24956747275377,
            75.15317691222374,
            26.076809620810597,
            82.46211251235322,
            90.9065454189081,
            57.688820407423826,
            14.422205101855956,
            50.15974481593781,
            39.293765408777,
            92.0869154657707,
            28.635642126552707,
            42.5205832509386,
            75.8946638440411,
            112.0714058089752,
            10.0,
            32.2490309931942,
            70.11419257183242,
            70.3420215802759,
            84.40379138403677,
            92.34717104492157,
            33.52610922848042,
            8.94427190999916,
            86.57944328765345,
            61.35144660071187,
            54.147945482723536,
            62.0,
            101.82337649086284,
            80.39900496896712,
            26.68332812825267,
            60.8276253029822,
            80.32434251209281,
            78.0,
            76.96752561957543,
            100.4987562112089,
            80.44874144447506,
            86.02325267042627,
            88.81441324469807,
            86.83317338436964,
            99.03534722511958,
            32.984845004941285,
            80.0,
            110.45361017187261,
            99.29753269845128,
            77.82030583337487,
            74.0,
            82.46211251235322,
            84.75848040166836,
            83.35466393669883,
            62.51399843235114,
            50.15974481593781,
            78.23042886243178,
            24.413111231467404,
            98.08159868191383,
            82.38931969618392,
            91.78235124467012,
            50.99019513592785,
            62.80127387243033,
            92.28217596047462
        ],
        [
            121.6552506059644,
            0.0,
            88.29496021857646,
            44.27188724235731,
            26.68332812825267,
            94.76286192385707,
            55.71355310873648,
            96.54014708917737,
            68.11754546370561,
            33.1058907144937,
            65.60487786742691,
            119.33147112141039,
            76.55063683601855,
            90.55385138137417,
            80.09993757800315,
            95.01578816175763,
            79.39773296511683,
            62.0966987850401,
            20.396078054371138,
            114.97825881443848,
            98.79271228182775,
            89.82204629154248,
            68.96375859826666,
            39.44616584663204,
            60.13318551349163,
            93.74433316206373,
            119.33147112141039,
            78.02563681252464,
            70.68238818828917,
            96.76776322722355,
            90.70832376358854,
            20.0,
            76.4198926981712,
            109.288608738514,
            81.60882305241266,
            59.22837157984339,
            59.22837157984339,
            55.02726596879042,
            22.360679774997898,
            43.9089968002003,
            82.02438661763951,
            37.94733192202055,
            37.57658845611187,
            22.627416997969522,
            94.40338976964757,
            88.09086218218096,
            11.661903789690601,
            28.635642126552707,
            55.78530272392541,
            65.5133574166368,
            64.4980619863884,
            56.568542494923804,
            44.94441010848846,
            80.32434251209281,
            98.08159868191383,
            78.63841300535,
            97.59098319004681,
            50.15974481593781,
            76.23647421018367,
            70.25667228100119,
            76.15773105863909,
            60.4648658313239,
            38.8329756778952
        ],
        [
            64.03124237432849,
            88.29496021857646,
            0.0,
            44.40720662234904,
            80.22468448052632,
            11.313708498984761,
            73.348483283569,
            43.68065933568311,
            24.08318915758459,
            56.32051136131489,
            56.0357029044876,
            72.69112738154499,
            62.22539674441618,
            27.202941017470888,
            108.16653826391968,
            57.271284253105414,
            41.23105625617661,
            80.62257748298549,
            90.0,
            54.037024344425184,
            32.0624390837628,
            96.16652224137046,
            80.44874144447506,
            67.468511173732,
            35.38361202590826,
            32.984845004941285,
            56.32051136131489,
            23.40939982143925,
            71.21797525905943,
            11.661903789690601,
            2.8284271247461903,
            70.45565981523414,
            96.02083107326243,
            74.0,
            8.94427190999916,
            83.18653737234169,
            29.120439557122072,
            75.15317691222374,
            66.75327707311455,
            66.48308055437865,
            104.4030650891055,
            50.635955604688654,
            52.15361924162119,
            70.11419257183242,
            63.52952069707436,
            16.1245154965971,
            80.62257748298549,
            80.39900496896712,
            32.55764119219941,
            22.80350850198276,
            89.55445270895244,
            85.90692637965812,
            73.37574531137656,
            82.07313811473277,
            15.231546211727817,
            95.60334722173695,
            53.14132102234569,
            94.86832980505137,
            97.65244492586962,
            30.528675044947494,
            26.90724809414742,
            38.62641583165593,
            80.049984384758
        ],
        [
            83.7615663654877,
            44.27188724235731,
            44.40720662234904,
            0.0,
            37.94733192202055,
            52.03844732503075,
            43.9089968002003,
            57.688820407423826,
            27.85677655436824,
            12.0,
            38.05259518088089,
            85.0881895447306,
            50.0,
            48.16637831516918,
            80.44874144447506,
            61.35144660071187,
            42.04759208325728,
            52.839379254491625,
            46.389654018972806,
            75.6042326857432,
            56.639209034025185,
            77.79460135510689,
            56.462376853972415,
            29.732137494637012,
            25.45584412271571,
            52.3450093132096,
            79.64923100695951,
            39.395431207184416,
            51.419840528729765,
            52.49761899362675,
            46.69047011971501,
            26.076809620810597,
            70.71067811865476,
            78.587530817554,
            37.36308338453881,
            53.25410782277739,
            16.1245154965971,
            44.94441010848846,
            22.360679774997898,
            31.240998703626616,
            78.89233169326408,
            6.324555320336759,
            8.246211251235321,
            26.076809620810597,
            63.56099432828282,
            47.07440918375928,
            36.22154055254967,
            38.62641583165593,
            12.0,
            22.0,
            60.4648658313239,
            54.037024344425184,
            38.2099463490856,
            64.03124237432849,
            53.85164807134504,
            71.55417527999327,
            61.741396161732524,
            58.412327466040935,
            71.69379331573968,
            34.40930106817051,
            33.94112549695428,
            21.540659228538015,
            41.617304093369626
        ],
        [
            100.43903623591775,
            26.68332812825267,
            80.22468448052632,
            37.94733192202055,
            0.0,
            89.10667763978185,
            29.5296461204668,
            76.94153624668537,
            65.7875368135941,
            26.832815729997478,
            42.80186911806539,
            96.20810776644555,
            52.3450093132096,
            74.72616676907762,
            54.91812087098393,
            72.47068372797375,
            59.93329625508679,
            35.4400902933387,
            11.661903789690601,
            95.01578816175763,
            82.21921916437786,
            63.150613615387776,
            42.37924020083418,
            16.1245154965971,
            61.773780845922005,
            76.55063683601855,
            99.4786409235671,
            77.25283166331187,
            44.94441010848846,
            86.09297300012354,
            82.09750300709517,
            17.204650534085253,
            50.039984012787215,
            85.0411665018772,
            72.02777242147643,
            32.55764119219941,
            53.85164807134504,
            28.635642126552707,
            21.2602916254693,
            20.0,
            56.142675390472796,
            33.1058907144937,
            29.732137494637012,
            14.142135623730951,
            70.71067811865476,
            84.8999411071645,
            16.0,
            2.0,
            49.47726750741192,
            59.22837157984339,
            38.05259518088089,
            30.066592756745816,
            18.867962264113206,
            53.85164807134504,
            86.37129152675674,
            52.15361924162119,
            76.02631123499285,
            26.0,
            50.0,
            71.55417527999327,
            61.18823416311342,
            44.721359549995796,
            12.165525060596439
        ],
        [
            72.24956747275377,
            94.76286192385707,
            11.313708498984761,
            52.03844732503075,
            89.10667763978185,
            0.0,
            84.11896337925236,
            53.85164807134504,
            27.202941017470888,
            64.03124237432849,
            67.20119046564577,
            82.0,
            73.53910524340094,
            37.57658845611187,
            119.28118040998756,
            68.0,
            52.49761899362675,
            91.58602513484249,
            98.32598842625484,
            62.289646009589745,
            41.23105625617661,
            107.48023074035522,
            91.60785992479029,
            77.20103626247513,
            37.57658845611187,
            43.08131845707603,
            64.03124237432849,
            21.2602916254693,
            82.46211251235322,
            18.110770276274835,
            11.661903789690601,
            78.0,
            107.20074626605917,
            84.30895563343196,
            20.0,
            94.02127418834527,
            36.0,
            85.88364221433555,
            74.02702209328699,
            76.55063683601855,
            115.6027681329474,
            58.0,
            60.13318551349163,
            78.10249675906654,
            74.43117626371358,
            10.0,
            88.02272433866155,
            89.44271909999159,
            40.049968789001575,
            30.066592756745816,
            100.4987562112089,
            96.60227740586657,
            83.57032966310472,
            93.38094023943002,
            22.090722034374522,
            106.82696288858914,
            63.56099432828282,
            105.1094667477673,
            108.81176406988355,
            30.0,
            38.2099463490856,
            49.193495504995376,
            89.8443097808648
        ],
        [
            75.15317691222374,
            55.71355310873648,
            73.348483283569,
            43.9089968002003,
            29.5296461204668,
            84.11896337925236,
            0.0,
            54.91812087098393,
            67.88225099390856,
            39.293765408777,
            20.0,
            68.81860213634101,
            25.059928172283335,
            58.309518948453004,
            36.87817782917155,
            46.51881339845203,
            40.0,
            8.94427190999916,
            40.0,
            71.47027354082255,
            64.0,
            36.05551275463989,
            14.0,
            18.0,
            68.81860213634101,
            58.0,
            75.8946638440411,
            79.2464510246358,
            15.620499351813308,
            75.28612089887484,
            74.32361670424818,
            40.19950248448356,
            26.832815729997478,
            56.639209034025185,
            64.40496875241847,
            10.0,
            55.17245689653489,
            2.0,
            42.0,
            14.142135623730951,
            34.9857113690718,
            43.08131845707603,
            38.62641583165593,
            36.22154055254967,
            43.266615305567875,
            83.23460818673925,
            44.27188724235731,
            27.784887978899608,
            50.99019513592785,
            58.137767414994535,
            16.97056274847714,
            12.649110640673518,
            10.770329614269007,
            24.73863375370596,
            74.21590126111789,
            27.85677655436824,
            51.264022471905186,
            24.08318915758459,
            27.784887978899608,
            76.57675887630658,
            48.08326112068523,
            34.9857113690718,
            18.439088914585774
        ],
        [
            26.076809620810597,
            96.54014708917737,
            43.68065933568311,
            57.688820407423826,
            76.94153624668537,
            53.85164807134504,
            54.91812087098393,
            0.0,
            58.309518948453004,
            65.11528238439882,
            35.4400902933387,
            30.066592756745816,
            32.0624390837628,
            16.492422502470642,
            80.049984384758,
            15.620499351813308,
            17.204650534085253,
            58.034472514187634,
            88.58893836140041,
            18.439088914585774,
            14.142135623730951,
            61.741396161732524,
            54.147945482723536,
            60.8276253029822,
            67.468511173732,
            10.770329614269007,
            22.80350850198276,
            64.1248781675256,
            44.04543109109048,
            36.71511950137164,
            42.37924020083418,
            76.57675887630658,
            67.468511173732,
            30.463092423455635,
            38.2099463490856,
            62.12889826803627,
            52.49761899362675,
            56.88585061331157,
            74.96665925596525,
            57.271284253105414,
            74.72616676907762,
            62.80127387243033,
            60.959002616512684,
            74.02702209328699,
            22.80350850198276,
            59.665735560705194,
            85.60373823613078,
            76.02631123499285,
            52.0,
            49.03060268852505,
            66.03029607687671,
            66.27216610312357,
            61.35144660071187,
            50.0,
            33.28663395418648,
            65.96969000988257,
            10.0,
            78.91767862779544,
            69.42621983083913,
            68.11754546370561,
            25.298221281347036,
            36.87817782917155,
            70.22819946431775
        ],
        [
            82.46211251235322,
            68.11754546370561,
            24.08318915758459,
            27.85677655436824,
            65.7875368135941,
            27.202941017470888,
            67.88225099390856,
            58.309518948453004,
            0.0,
            39.293765408777,
            55.569775957799216,
            88.36288813749809,
            65.39113089708727,
            43.174066289845804,
            104.6900186264192,
            68.26419266350405,
            48.662100242385755,
            76.4198926981712,
            73.7563556583431,
            72.80109889280519,
            50.59644256269407,
            97.75479527879949,
            78.40918313565064,
            56.60388679233962,
            11.313708498984761,
            49.03060268852505,
            75.8946638440411,
            11.661903789690601,
            71.02112361825881,
            35.38361202590826,
            26.90724809414742,
            52.61178575186362,
            93.72299611087985,
            86.20904824900923,
            22.360679774997898,
            77.79460135510689,
            12.806248474865697,
            69.31089380465383,
            48.373546489791295,
            57.201398584300364,
            102.17631819555841,
            32.984845004941285,
            36.05551275463989,
            53.36665625650534,
            72.99315036357864,
            20.0,
            62.289646009589745,
            66.48308055437865,
            17.204650534085253,
            10.770329614269007,
            84.8528137423857,
            79.39773296511683,
            64.40496875241847,
            83.35466393669883,
            38.41874542459709,
            94.02127418834527,
            66.0,
            85.44003745317531,
            95.01578816175763,
            10.198039027185569,
            34.058772731852805,
            34.9857113690718,
            68.96375859826666
        ],
        [
            90.9065454189081,
            33.1058907144937,
            56.32051136131489,
            12.0,
            26.832815729997478,
            64.03124237432849,
            39.293765408777,
            65.11528238439882,
            39.293765408777,
            0.0,
            39.293765408777,
            90.55385138137417,
            51.419840528729765,
            57.688820407423826,
            74.24284477308234,
            66.24198064671678,
            48.41487374764082,
            48.08326112068523,
            34.52535300326414,
            83.45058418010026,
            66.03029607687671,
            74.96665925596525,
            52.952809179494906,
            22.360679774997898,
            34.9857113690718,
            61.220911460055866,
            87.68124086713189,
            50.59644256269407,
            50.0,
            64.03124237432849,
            58.54912467321779,
            14.142135623730951,
            65.7875368135941,
            82.46211251235322,
            49.03060268852505,
            47.53945729601885,
            28.071337695236398,
            39.84971769034255,
            10.770329614269007,
            25.298221281347036,
            73.53910524340094,
            6.324555320336759,
            4.47213595499958,
            14.142135623730951,
            67.23094525588644,
            58.855755878248644,
            24.331050121192877,
            27.784887978899608,
            24.0,
            34.0,
            54.62600113499065,
            47.41307836451879,
            31.304951684997057,
            62.12889826803627,
            65.14598989960932,
            67.05221845696084,
            67.67569726275453,
            49.51767361255979,
            66.48308055437865,
            44.721359549995796,
            43.266615305567875,
            28.284271247461902,
            32.55764119219941
        ],
        [
            57.688820407423826,
            65.60487786742691,
            56.0357029044876,
            38.05259518088089,
            42.80186911806539,
            67.20119046564577,
            20.0,
            35.4400902933387,
            55.569775957799216,
            39.293765408777,
            0.0,
            53.81449618829484,
            12.165525060596439,
            38.47076812334269,
            52.15361924162119,
            29.732137494637012,
            20.0,
            25.298221281347036,
            54.405882034941776,
            52.80151512977634,
            44.0,
            42.190046219457976,
            24.413111231467404,
            26.90724809414742,
            59.464274989274024,
            38.0,
            57.271284253105414,
            66.03029607687671,
            15.620499351813308,
            56.462376853972415,
            56.60388679233962,
            46.647615158762406,
            40.0,
            43.9089968002003,
            47.20169488482379,
            28.635642126552707,
            43.86342439892262,
            22.0,
            46.51881339845203,
            22.80350850198276,
            48.41487374764082,
            40.19950248448356,
            36.49657518178932,
            43.266615305567875,
            28.844410203711913,
            67.88225099390856,
            54.037024344425184,
            41.617304093369626,
            40.496913462633174,
            44.94441010848846,
            34.17601498127012,
            32.2490309931942,
            26.0,
            27.784887978899608,
            55.02726596879042,
            39.698866482558415,
            33.28663395418648,
            44.04543109109048,
            41.617304093369626,
            65.29931086925804,
            29.5296461204668,
            20.591260281974,
            34.92849839314596
        ],
        [
            14.422205101855956,
            119.33147112141039,
            72.69112738154499,
            85.0881895447306,
            96.20810776644555,
            82.0,
            68.81860213634101,
            30.066592756745816,
            88.36288813749809,
            90.55385138137417,
            53.81449618829484,
            0.0,
            44.04543109109048,
            46.04345773288535,
            80.89499366462674,
            24.413111231467404,
            43.08131845707603,
            68.0,
            107.62899237658968,
            21.633307652783937,
            40.792156108742276,
            58.137767414994535,
            61.741396161732524,
            80.62257748298549,
            97.32420048477151,
            40.049968789001575,
            22.627416997969522,
            94.02127418834527,
            53.85164807134504,
            64.03124237432849,
            71.02112361825881,
            100.0,
            69.85699678629192,
            14.142135623730951,
            68.0294054067798,
            72.47068372797375,
            82.0,
            70.45565981523414,
            99.29753269845128,
            76.36753236814714,
            74.67261881037788,
            89.44271909999159,
            86.83317338436964,
            96.82974749528164,
            25.612496949731394,
            88.81441324469807,
            107.81465577554843,
            94.847245611035,
            81.04319835741924,
            78.91767862779544,
            73.53910524340094,
            76.94153624668537,
            78.10249675906654,
            52.49761899362675,
            60.166435825965294,
            67.468511173732,
            23.40939982143925,
            90.35485598461214,
            71.80529228406496,
            98.18350166906862,
            54.91812087098393,
            63.56099432828282,
            86.83317338436964
        ],
        [
            50.15974481593781,
            76.55063683601855,
            62.22539674441618,
            50.0,
            52.3450093132096,
            73.53910524340094,
            25.059928172283335,
            32.0624390837628,
            65.39113089708727,
            51.419840528729765,
            12.165525060596439,
            44.04543109109048,
            0.0,
            40.24922359499622,
            48.703182647543684,
            21.540659228538015,
            21.633307652783937,
            26.30589287593181,
            63.655321851358195,
            47.07440918375928,
            43.68065933568311,
            33.94112549695428,
            22.090722034374522,
            37.20215047547655,
            70.3420215802759,
            37.94733192202055,
            51.419840528729765,
            75.17978451685,
            12.0,
            60.4648658313239,
            62.289646009589745,
            58.137767414994535,
            36.05551275463989,
            32.802438933713454,
            53.81449618829484,
            30.59411708155671,
            54.405882034941776,
            26.832815729997478,
            58.309518948453004,
            32.802438933713454,
            43.86342439892262,
            52.3450093132096,
            48.662100242385755,
            54.589376255824725,
            18.439088914585774,
            75.6042326857432,
            64.89992295835181,
            50.91168824543142,
            51.419840528729765,
            54.62600113499065,
            34.0,
            34.92849839314596,
            34.058772731852805,
            20.0,
            58.309518948453004,
            34.92849839314596,
            26.68332812825267,
            48.08326112068523,
            37.94733192202055,
            75.39230729988306,
            35.38361202590826,
            31.04834939252005,
            42.80186911806539
        ],
        [
            39.293765408777,
            90.55385138137417,
            27.202941017470888,
            48.16637831516918,
            74.72616676907762,
            37.57658845611187,
            58.309518948453004,
            16.492422502470642,
            43.174066289845804,
            57.688820407423826,
            38.47076812334269,
            46.04345773288535,
            40.24922359499622,
            0.0,
            88.76936408468859,
            30.528675044947494,
            18.973665961010276,
            63.56099432828282,
            86.02325267042627,
            29.732137494637012,
            8.48528137423857,
            73.23933369440222,
            61.35144660071187,
            59.22837157984339,
            53.14132102234569,
            6.0,
            33.1058907144937,
            48.0,
            51.264022471905186,
            21.2602916254693,
            26.0,
            70.71067811865476,
            76.15773105863909,
            46.8187996428785,
            22.0,
            67.08203932499369,
            39.44616584663204,
            60.29925372672534,
            68.26419266350405,
            56.568542494923804,
            84.09518416651456,
            54.037024344425184,
            53.25410782277739,
            68.87670143089025,
            37.20215047547655,
            43.174066289845804,
            80.49844718999243,
            74.21590126111789,
            40.0,
            34.92849839314596,
            72.27724399837061,
            70.71067811865476,
            62.12889826803627,
            60.03332407921454,
            18.439088914585774,
            75.15317691222374,
            26.0,
            82.09750300709517,
            78.0,
            52.61178575186362,
            14.422205101855956,
            30.463092423455635,
            70.45565981523414
        ],
        [
            92.0869154657707,
            80.09993757800315,
            108.16653826391968,
            80.44874144447506,
            54.91812087098393,
            119.28118040998756,
            36.87817782917155,
            80.049984384758,
            104.6900186264192,
            74.24284477308234,
            52.15361924162119,
            80.89499366462674,
            48.703182647543684,
            88.76936408468859,
            0.0,
            66.48308055437865,
            69.85699678629192,
            28.284271247461902,
            60.0,
            92.19544457292888,
            92.34717104492157,
            23.40939982143925,
            27.784887978899608,
            51.884487084291386,
            105.60303025955268,
            86.64871608973787,
            96.08329719571451,
            115.96551211459379,
            37.57658845611187,
            108.24047302187847,
            108.75660899458019,
            70.8801805866774,
            12.649110640673518,
            66.75327707311455,
            99.29753269845128,
            27.202941017470888,
            92.02173656261873,
            35.608987629529715,
            74.0,
            49.39635614091387,
            6.324555320336759,
            78.89233169326408,
            74.43117626371358,
            67.05221845696084,
            60.13318551349163,
            119.33147112141039,
            70.71067811865476,
            52.952809179494906,
            87.86353054595519,
            94.76286192385707,
            20.0,
            26.832815729997478,
            42.941821107167776,
            30.265491900843113,
            106.45186705737011,
            14.142135623730951,
            72.69112738154499,
            30.0,
            10.770329614269007,
            113.45483682946268,
            81.6333265278342,
            70.9365914038728,
            43.68065933568311
        ],
        [
            28.635642126552707,
            95.01578816175763,
            57.271284253105414,
            61.35144660071187,
            72.47068372797375,
            68.0,
            46.51881339845203,
            15.620499351813308,
            68.26419266350405,
            66.24198064671678,
            29.732137494637012,
            24.413111231467404,
            21.540659228538015,
            30.528675044947494,
            66.48308055437865,
            0.0,
            20.09975124224178,
            47.53945729601885,
            84.02380615040002,
            26.076809620810597,
            29.732137494637012,
            46.8187996428785,
            42.42640687119285,
            56.639209034025185,
            76.02631123499285,
            25.612496949731394,
            30.265491900843113,
            75.7099729229908,
            32.984845004941285,
            51.61395160225576,
            56.356011214421486,
            75.6042326857432,
            54.147945482723536,
            18.0,
            50.59644256269407,
            51.92301994298868,
            60.13318551349163,
            48.33218389437829,
            74.88658090739622,
            52.49761899362675,
            60.8276253029822,
            65.39113089708727,
            62.609903369994115,
            72.47068372797375,
            7.211102550927978,
            72.80109889280519,
            83.54639429682169,
            71.21797525905943,
            58.54912467321779,
            58.034472514187634,
            54.589376255824725,
            56.32051136131489,
            54.91812087098393,
            36.22154055254967,
            48.41487374764082,
            52.3450093132096,
            6.324555320336759,
            69.57010852370435,
            56.142675390472796,
            78.40918313565064,
            34.23448553724738,
            39.84971769034255,
            63.812224534175265
        ],
        [
            42.5205832509386,
            79.39773296511683,
            41.23105625617661,
            42.04759208325728,
            59.93329625508679,
            52.49761899362675,
            40.0,
            17.204650534085253,
            48.662100242385755,
            48.41487374764082,
            20.0,
            43.08131845707603,
            21.633307652783937,
            18.973665961010276,
            69.85699678629192,
            20.09975124224178,
            0.0,
            44.721359549995796,
            71.55417527999327,
            35.608987629529715,
            24.0,
            55.31726674375732,
            42.37924020083418,
            43.86342439892262,
            56.0,
            18.0,
            40.0,
            56.92099788303083,
            32.31098884280702,
            38.8329756778952,
            41.036569057366385,
            59.464274989274024,
            57.271284253105414,
            38.05259518088089,
            33.28663395418648,
            48.373546489791295,
            40.049968789001575,
            42.0,
            58.0,
